
  3.130000e+00    3.130000e+00   2.989999e-02  5.652459e-05  1.623121e-03
  3.130000e+00    3.130000e+00   2.989999e-02  3.396007e-04  9.594996e-03
  3.130000e+00    3.130000e+00   2.989999e-02  6.226767e-04  1.711737e-02
  3.130000e+00    3.130000e+00   2.989999e-02  9.057528e-04  2.410551e-02
  3.130000e+00    3.130000e+00   2.989999e-02  1.188829e-03  3.056568e-02
  3.130000e+00    3.130000e+00   2.989999e-02  1.471905e-03  3.653153e-02
  3.130000e+00    3.130000e+00   2.989999e-02  1.754981e-03  4.204220e-02
  3.130000e+00    3.130000e+00   2.989999e-02  2.038057e-03  4.713540e-02
  3.130000e+00    3.130000e+00   2.989999e-02  2.321133e-03  5.184564e-02
  3.130000e+00    3.130000e+00   2.989999e-02  2.604209e-03  5.620407e-02
  3.130000e+00    3.130000e+00   2.989999e-02  2.887285e-03  6.023877e-02
  3.130000e+00    3.130000e+00   2.989999e-02  3.170361e-03  6.397512e-02
  3.130000e+00    3.130000e+00   2.989999e-02  3.453437e-03  6.743612e-02
  3.130000e+00    3.130000e+00   2.989999e-02  3.736514e-03  7.064269e-02
  3.130000e+00    3.130000e+00   2.989999e-02  4.019590e-03  7.361387e-02
  3.130000e+00    3.130000e+00   2.989999e-02  4.302666e-03  7.636703e-02
  3.130000e+00    3.130000e+00   2.989999e-02  4.585742e-03  7.891807e-02
  3.130000e+00    3.130000e+00   2.989999e-02  4.868818e-03  8.128155e-02
  3.130000e+00    3.130000e+00   2.989999e-02  5.151894e-03  8.347081e-02
  3.130000e+00    3.130000e+00   2.989999e-02  5.434970e-03  8.549809e-02
  3.130000e+00    3.130000e+00   2.989999e-02  5.718046e-03  8.737467e-02
  3.130000e+00    3.130000e+00   2.989999e-02  6.001122e-03  8.911091e-02
  3.130000e+00    3.130000e+00   2.989999e-02  6.284198e-03  9.071636e-02
  3.130000e+00    3.130000e+00   2.989999e-02  6.567274e-03  9.219985e-02
  3.130000e+00    3.130000e+00   2.989999e-02  6.850350e-03  9.356952e-02
  3.130000e+00    3.130000e+00   2.989999e-02  7.133426e-03  9.483289e-02
  3.130000e+00    3.130000e+00   2.989999e-02  7.416502e-03  9.599693e-02
  3.130000e+00    3.130000e+00   2.989999e-02  7.699579e-03  9.706810e-02
  3.130000e+00    3.130000e+00   2.989999e-02  7.982655e-03  9.805238e-02
  3.130000e+00    3.130000e+00   2.989999e-02  8.265731e-03  9.895533e-02
  3.130000e+00    3.130000e+00   2.989999e-02  8.548807e-03  9.978211e-02
  3.130000e+00    3.130000e+00   2.989999e-02  8.831883e-03  1.005375e-01
  3.130000e+00    3.130000e+00   2.989999e-02  9.114959e-03  1.012260e-01
  3.130000e+00    3.130000e+00   2.989999e-02  9.398035e-03  1.018518e-01
  3.130000e+00    3.130000e+00   2.989999e-02  9.681111e-03  1.024187e-01
  3.130000e+00    3.130000e+00   2.989999e-02  9.964187e-03  1.029303e-01
  3.130000e+00    3.130000e+00   2.989999e-02  1.024726e-02  1.033901e-01
  3.130000e+00    3.130000e+00   2.989999e-02  1.053034e-02  1.038011e-01
  3.130000e+00    3.130000e+00   2.989999e-02  1.081342e-02  1.041663e-01
  3.130000e+00    3.130000e+00   2.989999e-02  1.109649e-02  1.044885e-01
  3.130000e+00    3.130000e+00   2.989999e-02  1.137957e-02  1.047703e-01
  3.130000e+00    3.130000e+00   2.989999e-02  1.166264e-02  1.050140e-01
  3.130000e+00    3.130000e+00   2.989999e-02  1.194572e-02  1.052219e-01
  3.130000e+00    3.130000e+00   2.989999e-02  1.222880e-02  1.053962e-01
  3.130000e+00    3.130000e+00   2.989999e-02  1.251187e-02  1.055388e-01
  3.130000e+00    3.130000e+00   2.989999e-02  1.279495e-02  1.056517e-01
  3.130000e+00    3.130000e+00   2.989999e-02  1.307802e-02  1.057364e-01
  3.130000e+00    3.130000e+00   2.989999e-02  1.336110e-02  1.057948e-01
  3.130000e+00    3.130000e+00   2.989999e-02  1.364418e-02  1.058284e-01
  3.130000e+00    3.130000e+00   2.989999e-02  1.392725e-02  1.058385e-01
  3.130000e+00    3.130000e+00   2.989999e-02  1.421033e-02  1.058267e-01
  3.130000e+00    3.130000e+00   2.989999e-02  1.449340e-02  1.057941e-01
  3.130000e+00    3.130000e+00   2.989999e-02  1.477648e-02  1.057420e-01
  3.130000e+00    3.130000e+00   2.989999e-02  1.505956e-02  1.056715e-01
  3.130000e+00    3.130000e+00   2.989999e-02  1.534263e-02  1.055837e-01
  3.130000e+00    3.130000e+00   2.989999e-02  1.562571e-02  1.054797e-01
  3.130000e+00    3.130000e+00   2.989999e-02  1.590878e-02  1.053603e-01
  3.130000e+00    3.130000e+00   2.989999e-02  1.619186e-02  1.052266e-01
  3.130000e+00    3.130000e+00   2.989999e-02  1.647494e-02  1.050793e-01
  3.130000e+00    3.130000e+00   2.989999e-02  1.675801e-02  1.049192e-01
  3.130000e+00    3.130000e+00   2.989999e-02  1.704109e-02  1.047471e-01
  3.130000e+00    3.130000e+00   2.989999e-02  1.732417e-02  1.045638e-01
  3.130000e+00    3.130000e+00   2.989999e-02  1.760724e-02  1.043699e-01
  3.130000e+00    3.130000e+00   2.989999e-02  1.789032e-02  1.041661e-01
  3.130000e+00    3.130000e+00   2.989999e-02  1.817339e-02  1.039529e-01
  3.130000e+00    3.130000e+00   2.989999e-02  1.845647e-02  1.037310e-01
  3.130000e+00    3.130000e+00   2.989999e-02  1.873955e-02  1.035008e-01
  3.130000e+00    3.130000e+00   2.989999e-02  1.902262e-02  1.032630e-01
  3.130000e+00    3.130000e+00   2.989999e-02  1.930570e-02  1.030179e-01
  3.130000e+00    3.130000e+00   2.989999e-02  1.958877e-02  1.027661e-01
  3.130000e+00    3.130000e+00   2.989999e-02  1.987185e-02  1.025079e-01
  3.130000e+00    3.130000e+00   2.989999e-02  2.015493e-02  1.022439e-01
  3.130000e+00    3.130000e+00   2.989999e-02  2.043800e-02  1.019744e-01
  3.130000e+00    3.130000e+00   2.989999e-02  2.072108e-02  1.016997e-01
  3.130000e+00    3.130000e+00   2.989999e-02  2.100415e-02  1.014202e-01
  3.130000e+00    3.130000e+00   2.989999e-02  2.128723e-02  1.011363e-01
  3.130000e+00    3.130000e+00   2.989999e-02  2.157031e-02  1.008483e-01
  3.130000e+00    3.130000e+00   2.989999e-02  2.185338e-02  1.005564e-01
  3.130000e+00    3.130000e+00   2.989999e-02  2.213646e-02  1.002610e-01
  3.130000e+00    3.130000e+00   2.989999e-02  2.241953e-02  9.996224e-02
  3.130000e+00    3.130000e+00   2.989999e-02  2.270261e-02  9.966050e-02
  3.130000e+00    3.130000e+00   2.989999e-02  2.298569e-02  9.935598e-02
  3.130000e+00    3.130000e+00   2.989999e-02  2.326876e-02  9.904891e-02
  3.130000e+00    3.130000e+00   2.989999e-02  2.355184e-02  9.873950e-02
  3.130000e+00    3.130000e+00   2.989999e-02  2.383491e-02  9.842797e-02
  3.130000e+00    3.130000e+00   2.989999e-02  2.411799e-02  9.811451e-02
  3.130000e+00    3.130000e+00   2.989999e-02  2.440107e-02  9.779930e-02
  3.130000e+00    3.130000e+00   2.989999e-02  2.468414e-02  9.748253e-02
  3.130000e+00    3.130000e+00   2.989999e-02  2.496722e-02  9.716436e-02
  3.130000e+00    3.130000e+00   2.989999e-02  2.525030e-02  9.684495e-02
  3.130000e+00    3.130000e+00   2.989999e-02  2.553337e-02  9.652445e-02
  3.130000e+00    3.130000e+00   2.989999e-02  2.581645e-02  9.620301e-02
  3.130000e+00    3.130000e+00   2.989999e-02  2.609952e-02  9.588076e-02
  3.130000e+00    3.130000e+00   2.989999e-02  2.638260e-02  9.555783e-02
  3.130000e+00    3.130000e+00   2.989999e-02  2.666568e-02  9.523434e-02
  3.130000e+00    3.130000e+00   2.989999e-02  2.694875e-02  9.491040e-02
  3.130000e+00    3.130000e+00   2.989999e-02  2.723183e-02  9.458614e-02
  3.130000e+00    3.130000e+00   2.989999e-02  2.751490e-02  9.426165e-02
  3.130000e+00    3.130000e+00   2.989999e-02  2.779798e-02  9.393704e-02
  3.130000e+00    3.130000e+00   2.989999e-02  2.808106e-02  9.361239e-02
  3.130000e+00    3.130000e+00   2.989999e-02  2.836413e-02  9.328779e-02
  3.130000e+00    3.130000e+00   2.989999e-02  2.864721e-02  9.296333e-02
  3.130000e+00    3.130000e+00   2.989999e-02  2.893028e-02  9.263910e-02
  3.130000e+00    3.130000e+00   2.989999e-02  2.921336e-02  9.231515e-02
  3.130000e+00    3.130000e+00   2.989999e-02  2.949644e-02  9.199158e-02
  3.130000e+00    3.130000e+00   2.989999e-02  2.977951e-02  9.166844e-02
  3.130000e+00    3.130000e+00   2.989999e-02  3.006259e-02  9.134580e-02
  3.130000e+00    3.130000e+00   2.989999e-02  3.034566e-02  9.102372e-02
  3.130000e+00    3.130000e+00   2.989999e-02  3.062874e-02  9.070225e-02
  3.130000e+00    3.130000e+00   2.989999e-02  3.091182e-02  9.038146e-02
  3.130000e+00    3.130000e+00   2.989999e-02  3.119489e-02  9.006139e-02
  3.130000e+00    3.130000e+00   2.989999e-02  3.147797e-02  8.974209e-02
  3.130000e+00    3.130000e+00   2.989999e-02  3.176104e-02  8.942361e-02
  3.130000e+00    3.130000e+00   2.989999e-02  3.204412e-02  8.910599e-02
  3.130000e+00    3.130000e+00   2.989999e-02  3.232720e-02  8.878927e-02
  3.130000e+00    3.130000e+00   2.989999e-02  3.261027e-02  8.847349e-02
  3.130000e+00    3.130000e+00   2.989999e-02  3.289335e-02  8.815869e-02
  3.130000e+00    3.130000e+00   2.989999e-02  3.317643e-02  8.784490e-02
  3.130000e+00    3.130000e+00   2.989999e-02  3.345950e-02  8.753215e-02
  3.130000e+00    3.130000e+00   2.989999e-02  3.374258e-02  8.722047e-02
  3.130000e+00    3.130000e+00   2.989999e-02  3.402565e-02  8.690990e-02
  3.130000e+00    3.130000e+00   2.989999e-02  3.430873e-02  8.660045e-02
  3.130000e+00    3.130000e+00   2.989999e-02  3.459181e-02  8.629215e-02
  3.130000e+00    3.130000e+00   2.989999e-02  3.487488e-02  8.598503e-02
  3.130000e+00    3.130000e+00   2.989999e-02  3.515796e-02  8.567911e-02
  3.130000e+00    3.130000e+00   2.989999e-02  3.544103e-02  8.537440e-02
  3.130000e+00    3.130000e+00   2.989999e-02  3.572411e-02  8.507094e-02
  3.130000e+00    3.130000e+00   2.989999e-02  3.600719e-02  8.476872e-02
  3.130000e+00    3.130000e+00   2.989999e-02  3.629026e-02  8.446778e-02
  3.130000e+00    3.130000e+00   2.989999e-02  3.657334e-02  8.416812e-02
  3.130000e+00    3.130000e+00   2.989999e-02  3.685641e-02  8.386976e-02
  3.130000e+00    3.130000e+00   2.989999e-02  3.713949e-02  8.357271e-02
  3.130000e+00    3.130000e+00   2.989999e-02  3.742257e-02  8.327699e-02
  3.130000e+00    3.130000e+00   2.989999e-02  3.770564e-02  8.298261e-02
  3.130000e+00    3.130000e+00   2.989999e-02  3.798872e-02  8.268957e-02
  3.130000e+00    3.130000e+00   2.989999e-02  3.827179e-02  8.239788e-02
  3.130000e+00    3.130000e+00   2.989999e-02  3.855487e-02  8.210756e-02
  3.130000e+00    3.130000e+00   2.989999e-02  3.883795e-02  8.181861e-02
  3.130000e+00    3.130000e+00   2.989999e-02  3.912102e-02  8.153103e-02
  3.130000e+00    3.130000e+00   2.989999e-02  3.940410e-02  8.124484e-02
  3.130000e+00    3.130000e+00   2.989999e-02  3.968717e-02  8.096004e-02
  3.130000e+00    3.130000e+00   2.989999e-02  3.997025e-02  8.067662e-02
  3.130000e+00    3.130000e+00   2.989999e-02  4.025333e-02  8.039461e-02
  3.130000e+00    3.130000e+00   2.989999e-02  4.053640e-02  8.011399e-02
  3.130000e+00    3.130000e+00   2.989999e-02  4.081948e-02  7.983477e-02
  3.130000e+00    3.130000e+00   2.989999e-02  4.110256e-02  7.955696e-02
  3.130000e+00    3.130000e+00   2.989999e-02  4.138563e-02  7.928056e-02
  3.130000e+00    3.130000e+00   2.989999e-02  4.166871e-02  7.900556e-02
  3.130000e+00    3.130000e+00   2.989999e-02  4.195178e-02  7.873197e-02
  3.130000e+00    3.130000e+00   2.989999e-02  4.223486e-02  7.845979e-02
  3.130000e+00    3.130000e+00   2.989999e-02  4.251794e-02  7.818901e-02
  3.130000e+00    3.130000e+00   2.989999e-02  4.280101e-02  7.791964e-02
  3.130000e+00    3.130000e+00   2.989999e-02  4.308409e-02  7.765168e-02
  3.130000e+00    3.130000e+00   2.989999e-02  4.336716e-02  7.738512e-02
  3.130000e+00    3.130000e+00   2.989999e-02  4.365024e-02  7.711997e-02
  3.130000e+00    3.130000e+00   2.989999e-02  4.393332e-02  7.685621e-02
  3.130000e+00    3.130000e+00   2.989999e-02  4.421639e-02  7.659385e-02
  3.130000e+00    3.130000e+00   2.989999e-02  4.449947e-02  7.633289e-02
  3.130000e+00    3.130000e+00   2.989999e-02  4.478254e-02  7.607331e-02
  3.130000e+00    3.130000e+00   2.989999e-02  4.506562e-02  7.581513e-02
  3.130000e+00    3.130000e+00   2.989999e-02  4.534870e-02  7.555833e-02
  3.130000e+00    3.130000e+00   2.989999e-02  4.563177e-02  7.530292e-02
  3.130000e+00    3.130000e+00   2.989999e-02  4.591485e-02  7.504888e-02
  3.130000e+00    3.130000e+00   2.989999e-02  4.619792e-02  7.479621e-02
  3.130000e+00    3.130000e+00   2.989999e-02  4.648100e-02  7.454491e-02
  3.130000e+00    3.130000e+00   2.989999e-02  4.676408e-02  7.429498e-02
  3.130000e+00    3.130000e+00   2.989999e-02  4.704715e-02  7.404640e-02
  3.130000e+00    3.130000e+00   2.989999e-02  4.733023e-02  7.379918e-02
  3.130000e+00    3.130000e+00   2.989999e-02  4.761330e-02  7.355331e-02
  3.130000e+00    3.130000e+00   2.989999e-02  4.789638e-02  7.330878e-02
  3.130000e+00    3.130000e+00   2.989999e-02  4.817946e-02  7.306559e-02
  3.130000e+00    3.130000e+00   2.989999e-02  4.846253e-02  7.282373e-02
  3.130000e+00    3.130000e+00   2.989999e-02  4.874561e-02  7.258320e-02
  3.130000e+00    3.130000e+00   2.989999e-02  4.902869e-02  7.234399e-02
  3.130000e+00    3.130000e+00   2.989999e-02  4.931176e-02  7.210609e-02
  3.130000e+00    3.130000e+00   2.989999e-02  4.959484e-02  7.186950e-02
  3.130000e+00    3.130000e+00   2.989999e-02  4.987791e-02  7.163422e-02
  3.130000e+00    3.130000e+00   2.989999e-02  5.016099e-02  7.140023e-02
  3.130000e+00    3.130000e+00   2.989999e-02  5.044407e-02  7.116753e-02
  3.130000e+00    3.130000e+00   2.989999e-02  5.072714e-02  7.093611e-02
  3.130000e+00    3.130000e+00   2.989999e-02  5.101022e-02  7.070597e-02
  3.130000e+00    3.130000e+00   2.989999e-02  5.129329e-02  7.047711e-02
  3.130000e+00    3.130000e+00   2.989999e-02  5.157637e-02  7.024950e-02
  3.130000e+00    3.130000e+00   2.989999e-02  5.185945e-02  7.002315e-02
  3.130000e+00    3.130000e+00   2.989999e-02  5.214252e-02  6.979806e-02
  3.130000e+00    3.130000e+00   2.989999e-02  5.242560e-02  6.957420e-02
  3.130000e+00    3.130000e+00   2.989999e-02  5.270867e-02  6.935159e-02
  3.130000e+00    3.130000e+00   2.989999e-02  5.299175e-02  6.913020e-02
  3.130000e+00    3.130000e+00   2.989999e-02  5.327483e-02  6.891004e-02
  3.130000e+00    3.130000e+00   2.989999e-02  5.355790e-02  6.869109e-02
  3.130000e+00    3.130000e+00   2.989999e-02  5.384098e-02  6.847335e-02
  3.130000e+00    3.130000e+00   2.989999e-02  5.412405e-02  6.825682e-02
  3.130000e+00    3.130000e+00   2.989999e-02  5.440713e-02  6.804147e-02
  3.130000e+00    3.130000e+00   2.989999e-02  5.469021e-02  6.782732e-02
  3.130000e+00    3.130000e+00   2.989999e-02  5.497328e-02  6.761435e-02
  3.130000e+00    3.130000e+00   2.989999e-02  5.525636e-02  6.740255e-02
  3.130000e+00    3.130000e+00   2.989999e-02  5.553943e-02  6.719192e-02
  3.130000e+00    3.130000e+00   2.989999e-02  5.582251e-02  6.698245e-02
  3.130000e+00    3.130000e+00   2.989999e-02  5.610559e-02  6.677413e-02
  3.130000e+00    3.130000e+00   2.989999e-02  5.638866e-02  6.656696e-02
  3.130000e+00    3.130000e+00   2.989999e-02  5.667174e-02  6.636092e-02
  3.130000e+00    3.130000e+00   2.989999e-02  5.695482e-02  6.615602e-02
  3.130000e+00    3.130000e+00   2.989999e-02  5.723789e-02  6.595224e-02
  3.130000e+00    3.130000e+00   2.989999e-02  5.752097e-02  6.574958e-02
  3.130000e+00    3.130000e+00   2.989999e-02  5.780404e-02  6.554803e-02
  3.130000e+00    3.130000e+00   2.989999e-02  5.808712e-02  6.534758e-02
  3.130000e+00    3.130000e+00   2.989999e-02  5.837020e-02  6.514823e-02
  3.130000e+00    3.130000e+00   2.989999e-02  5.865327e-02  6.494997e-02
  3.130000e+00    3.130000e+00   2.989999e-02  5.893635e-02  6.475279e-02
  3.130000e+00    3.130000e+00   2.989999e-02  5.921942e-02  6.455669e-02
  3.130000e+00    3.130000e+00   2.989999e-02  5.950250e-02  6.436165e-02
  3.130000e+00    3.130000e+00   2.989999e-02  5.978558e-02  6.416768e-02
  3.130000e+00    3.130000e+00   2.989999e-02  6.006865e-02  6.397476e-02
  3.130000e+00    3.130000e+00   2.989999e-02  6.035173e-02  6.378289e-02
  3.130000e+00    3.130000e+00   2.989999e-02  6.063480e-02  6.359206e-02
  3.130000e+00    3.130000e+00   2.989999e-02  6.091788e-02  6.340226e-02
  3.130000e+00    3.130000e+00   2.989999e-02  6.120096e-02  6.321350e-02
  3.130000e+00    3.130000e+00   2.989999e-02  6.148403e-02  6.302575e-02
  3.130000e+00    3.130000e+00   2.989999e-02  6.176711e-02  6.283901e-02
  3.130000e+00    3.130000e+00   2.989999e-02  6.205018e-02  6.265329e-02
  3.130000e+00    3.130000e+00   2.989999e-02  6.233326e-02  6.246856e-02
  3.130000e+00    3.130000e+00   2.989999e-02  6.261634e-02  6.228483e-02
  3.130000e+00    3.130000e+00   2.989999e-02  6.289941e-02  6.210208e-02
  3.130000e+00    3.130000e+00   2.989999e-02  6.318249e-02  6.192031e-02
  3.130000e+00    3.130000e+00   2.989999e-02  6.346556e-02  6.173952e-02
  3.130000e+00    3.130000e+00   2.989999e-02  6.374864e-02  6.155970e-02
  3.130000e+00    3.130000e+00   2.989999e-02  6.403172e-02  6.138083e-02
  3.130000e+00    3.130000e+00   2.989999e-02  6.431479e-02  6.120292e-02
  3.130000e+00    3.130000e+00   2.989999e-02  6.459787e-02  6.102596e-02
  3.130000e+00    3.130000e+00   2.989999e-02  6.488095e-02  6.084994e-02
  3.130000e+00    3.130000e+00   2.989999e-02  6.516402e-02  6.067486e-02
  3.130000e+00    3.130000e+00   2.989999e-02  6.544710e-02  6.050070e-02
  3.130000e+00    3.130000e+00   2.989999e-02  6.573017e-02  6.032747e-02
  3.130000e+00    3.130000e+00   2.989999e-02  6.601325e-02  6.015515e-02
  3.130000e+00    3.130000e+00   2.989999e-02  6.629633e-02  5.998375e-02
  3.130000e+00    3.130000e+00   2.989999e-02  6.657940e-02  5.981325e-02
  3.130000e+00    3.130000e+00   2.989999e-02  6.686248e-02  5.964364e-02
  3.130000e+00    3.130000e+00   2.989999e-02  6.714555e-02  5.947493e-02
  3.130000e+00    3.130000e+00   2.989999e-02  6.742863e-02  5.930710e-02
  3.130000e+00    3.130000e+00   2.989999e-02  6.771171e-02  5.914015e-02
  3.130000e+00    3.130000e+00   2.989999e-02  6.799478e-02  5.897408e-02
  3.130000e+00    3.130000e+00   2.989999e-02  6.827786e-02  5.880887e-02
  3.130000e+00    3.130000e+00   2.989999e-02  6.856093e-02  5.864453e-02
  3.130000e+00    3.130000e+00   2.989999e-02  6.884401e-02  5.848104e-02
  3.130000e+00    3.130000e+00   2.989999e-02  6.912709e-02  5.831840e-02
  3.130000e+00    3.130000e+00   2.989999e-02  6.941016e-02  5.815661e-02
  3.130000e+00    3.130000e+00   2.989999e-02  6.969324e-02  5.799565e-02
  3.130000e+00    3.130000e+00   2.989999e-02  6.997631e-02  5.783553e-02
  3.130000e+00    3.130000e+00   2.989999e-02  7.025939e-02  5.767623e-02
  3.130000e+00    3.130000e+00   2.989999e-02  7.054247e-02  5.751776e-02
  3.130000e+00    3.130000e+00   2.989999e-02  7.082554e-02  5.736010e-02
  3.130000e+00    3.130000e+00   2.989999e-02  7.110862e-02  5.720325e-02
  3.130000e+00    3.130000e+00   2.989999e-02  7.139169e-02  5.704720e-02
  3.130000e+00    3.130000e+00   2.989999e-02  7.167477e-02  5.689196e-02
  3.130000e+00    3.130000e+00   2.989999e-02  7.195785e-02  5.673751e-02
  3.130000e+00    3.130000e+00   2.989999e-02  7.224092e-02  5.658385e-02
  3.130000e+00    3.130000e+00   2.989999e-02  7.252400e-02  5.643097e-02
  3.130000e+00    3.130000e+00   2.989999e-02  7.280708e-02  5.627887e-02
  3.130000e+00    3.130000e+00   2.989999e-02  7.309015e-02  5.612754e-02
  3.130000e+00    3.130000e+00   2.989999e-02  7.337323e-02  5.597697e-02
  3.130000e+00    3.130000e+00   2.989999e-02  7.365630e-02  5.582717e-02
  3.130000e+00    3.130000e+00   2.989999e-02  7.393938e-02  5.567813e-02
  3.130000e+00    3.130000e+00   2.989999e-02  7.422246e-02  5.552984e-02
  3.130000e+00    3.130000e+00   2.989999e-02  7.450553e-02  5.538229e-02
  3.130000e+00    3.130000e+00   2.989999e-02  7.478861e-02  5.523549e-02
  3.130000e+00    3.130000e+00   2.989999e-02  7.507168e-02  5.508942e-02
  3.130000e+00    3.130000e+00   2.989999e-02  7.535476e-02  5.494408e-02
  3.130000e+00    3.130000e+00   2.989999e-02  7.563784e-02  5.479947e-02
  3.130000e+00    3.130000e+00   2.989999e-02  7.592091e-02  5.465559e-02
  3.130000e+00    3.130000e+00   2.989999e-02  7.620399e-02  5.451241e-02
  3.130000e+00    3.130000e+00   2.989999e-02  7.648706e-02  5.436995e-02
  3.130000e+00    3.130000e+00   2.989999e-02  7.677014e-02  5.422820e-02
  3.130000e+00    3.130000e+00   2.989999e-02  7.705322e-02  5.408715e-02
  3.130000e+00    3.130000e+00   2.989999e-02  7.733629e-02  5.394680e-02
  3.130000e+00    3.130000e+00   2.989999e-02  7.761937e-02  5.380713e-02
  3.130000e+00    3.130000e+00   2.989999e-02  7.790244e-02  5.366816e-02
  3.130000e+00    3.130000e+00   2.989999e-02  7.818552e-02  5.352987e-02
  3.130000e+00    3.130000e+00   2.989999e-02  7.846860e-02  5.339226e-02
  3.130000e+00    3.130000e+00   2.989999e-02  7.875167e-02  5.325532e-02
  3.130000e+00    3.130000e+00   2.989999e-02  7.903475e-02  5.311906e-02
  3.130000e+00    3.130000e+00   2.989999e-02  7.931782e-02  5.298346e-02
  3.130000e+00    3.130000e+00   2.989999e-02  7.960090e-02  5.284851e-02
  3.130000e+00    3.130000e+00   2.989999e-02  7.988398e-02  5.271423e-02
  3.130000e+00    3.130000e+00   2.989999e-02  8.016705e-02  5.258060e-02
  3.130000e+00    3.130000e+00   2.989999e-02  8.045013e-02  5.244761e-02
  3.130000e+00    3.130000e+00   2.989999e-02  8.073321e-02  5.231527e-02
  3.130000e+00    3.130000e+00   2.989999e-02  8.101628e-02  5.218357e-02
  3.130000e+00    3.130000e+00   2.989999e-02  8.129936e-02  5.205250e-02
  3.130000e+00    3.130000e+00   2.989999e-02  8.158243e-02  5.192206e-02
  3.130000e+00    3.130000e+00   2.989999e-02  8.186551e-02  5.179225e-02
  3.130000e+00    3.130000e+00   2.989999e-02  8.214859e-02  5.166306e-02
  3.130000e+00    3.130000e+00   2.989999e-02  8.243166e-02  5.153448e-02
  3.130000e+00    3.130000e+00   2.989999e-02  8.271474e-02  5.140653e-02
  3.130000e+00    3.130000e+00   2.989999e-02  8.299781e-02  5.127918e-02
  3.130000e+00    3.130000e+00   2.989999e-02  8.328089e-02  5.115243e-02
  3.130000e+00    3.130000e+00   2.989999e-02  8.356397e-02  5.102629e-02
  3.130000e+00    3.130000e+00   2.989999e-02  8.384704e-02  5.090075e-02
  3.130000e+00    3.130000e+00   2.989999e-02  8.413012e-02  5.077580e-02
  3.130000e+00    3.130000e+00   2.989999e-02  8.441319e-02  5.065144e-02
  3.130000e+00    3.130000e+00   2.989999e-02  8.469627e-02  5.052767e-02
  3.130000e+00    3.130000e+00   2.989999e-02  8.497935e-02  5.040448e-02
  3.130000e+00    3.130000e+00   2.989999e-02  8.526242e-02  5.028186e-02
  3.130000e+00    3.130000e+00   2.989999e-02  8.554550e-02  5.015982e-02
  3.130000e+00    3.130000e+00   2.989999e-02  8.582857e-02  5.003836e-02
  3.130000e+00    3.130000e+00   2.989999e-02  8.611165e-02  4.991746e-02
  3.130000e+00    3.130000e+00   2.989999e-02  8.639473e-02  4.979712e-02
  3.130000e+00    3.130000e+00   2.989999e-02  8.667780e-02  4.967734e-02
  3.130000e+00    3.130000e+00   2.989999e-02  8.696088e-02  4.955812e-02
  3.130000e+00    3.130000e+00   2.989999e-02  8.724396e-02  4.943945e-02
  3.130000e+00    3.130000e+00   2.989999e-02  8.752703e-02  4.932133e-02
  3.130000e+00    3.130000e+00   2.989999e-02  8.781011e-02  4.920375e-02
  3.130000e+00    3.130000e+00   2.989999e-02  8.809318e-02  4.908672e-02
  3.130000e+00    3.130000e+00   2.989999e-02  8.837626e-02  4.897022e-02
  3.130000e+00    3.130000e+00   2.989999e-02  8.865934e-02  4.885426e-02
  3.130000e+00    3.130000e+00   2.989999e-02  8.894241e-02  4.873883e-02
  3.130000e+00    3.130000e+00   2.989999e-02  8.922549e-02  4.862393e-02
  3.130000e+00    3.130000e+00   2.989999e-02  8.950856e-02  4.850955e-02
  3.130000e+00    3.130000e+00   2.989999e-02  8.979164e-02  4.839570e-02
  3.130000e+00    3.130000e+00   2.989999e-02  9.007472e-02  4.828236e-02
  3.130000e+00    3.130000e+00   2.989999e-02  9.035779e-02  4.816953e-02
  3.130000e+00    3.130000e+00   2.989999e-02  9.064087e-02  4.805722e-02
  3.130000e+00    3.130000e+00   2.989999e-02  9.092394e-02  4.794541e-02
  3.130000e+00    3.130000e+00   2.989999e-02  9.120702e-02  4.783411e-02
  3.130000e+00    3.130000e+00   2.989999e-02  9.149010e-02  4.772331e-02
  3.130000e+00    3.130000e+00   2.989999e-02  9.177317e-02  4.761301e-02
  3.130000e+00    3.130000e+00   2.989999e-02  9.205625e-02  4.750321e-02
  3.130000e+00    3.130000e+00   2.989999e-02  9.233932e-02  4.739389e-02
  3.130000e+00    3.130000e+00   2.989999e-02  9.262240e-02  4.728507e-02
  3.130000e+00    3.130000e+00   2.989999e-02  9.290548e-02  4.717673e-02
  3.130000e+00    3.130000e+00   2.989999e-02  9.318855e-02  4.706887e-02
  3.130000e+00    3.130000e+00   2.989999e-02  9.347163e-02  4.696149e-02
  3.130000e+00    3.130000e+00   2.989999e-02  9.375470e-02  4.685459e-02
  3.130000e+00    3.130000e+00   2.989999e-02  9.403778e-02  4.674816e-02
  3.130000e+00    3.130000e+00   2.989999e-02  9.432086e-02  4.664220e-02
  3.130000e+00    3.130000e+00   2.989999e-02  9.460393e-02  4.653671e-02
  3.130000e+00    3.130000e+00   2.989999e-02  9.488701e-02  4.643169e-02
  3.130000e+00    3.130000e+00   2.989999e-02  9.517009e-02  4.632713e-02
  3.130000e+00    3.130000e+00   2.989999e-02  9.545316e-02  4.622302e-02
  3.130000e+00    3.130000e+00   2.989999e-02  9.573624e-02  4.611937e-02
  3.130000e+00    3.130000e+00   2.989999e-02  9.601931e-02  4.601618e-02
  3.130000e+00    3.130000e+00   2.989999e-02  9.630239e-02  4.591343e-02
  3.130000e+00    3.130000e+00   2.989999e-02  9.658547e-02  4.581113e-02
  3.130000e+00    3.130000e+00   2.989999e-02  9.686854e-02  4.570928e-02
  3.130000e+00    3.130000e+00   2.989999e-02  9.715162e-02  4.560787e-02
  3.130000e+00    3.130000e+00   2.989999e-02  9.743469e-02  4.550690e-02
  3.130000e+00    3.130000e+00   2.989999e-02  9.771777e-02  4.540636e-02
  3.130000e+00    3.130000e+00   2.989999e-02  9.800085e-02  4.530626e-02
  3.130000e+00    3.130000e+00   2.989999e-02  9.828392e-02  4.520659e-02
  3.130000e+00    3.130000e+00   2.989999e-02  9.856700e-02  4.510735e-02
  3.130000e+00    3.130000e+00   2.989999e-02  9.885007e-02  4.500853e-02
  3.130000e+00    3.130000e+00   2.989999e-02  9.913315e-02  4.491014e-02
  3.130000e+00    3.130000e+00   2.989999e-02  9.941623e-02  4.481216e-02
  3.130000e+00    3.130000e+00   2.989999e-02  9.969930e-02  4.471461e-02
  3.130000e+00    3.130000e+00   2.989999e-02  9.998238e-02  4.461747e-02
  3.130000e+00    3.130000e+00   2.989999e-02  1.002655e-01  4.452075e-02
  3.130000e+00    3.130000e+00   2.989999e-02  1.005485e-01  4.442443e-02
  3.130000e+00    3.130000e+00   2.989999e-02  1.008316e-01  4.432852e-02
  3.130000e+00    3.130000e+00   2.989999e-02  1.011147e-01  4.423302e-02
  3.130000e+00    3.130000e+00   2.989999e-02  1.013978e-01  4.413792e-02
  3.130000e+00    3.130000e+00   2.989999e-02  1.016808e-01  4.404323e-02
  3.130000e+00    3.130000e+00   2.989999e-02  1.019639e-01  4.394893e-02
  3.130000e+00    3.130000e+00   2.989999e-02  1.022470e-01  4.385502e-02
  3.130000e+00    3.130000e+00   2.989999e-02  1.025301e-01  4.376151e-02
  3.130000e+00    3.130000e+00   2.989999e-02  1.028131e-01  4.366839e-02
  3.130000e+00    3.130000e+00   2.989999e-02  1.030962e-01  4.357566e-02
  3.130000e+00    3.130000e+00   2.989999e-02  1.033793e-01  4.348332e-02
  3.130000e+00    3.130000e+00   2.989999e-02  1.036624e-01  4.339136e-02
  3.130000e+00    3.130000e+00   2.989999e-02  1.039454e-01  4.329978e-02
  3.130000e+00    3.130000e+00   2.989999e-02  1.042285e-01  4.320858e-02
  3.130000e+00    3.130000e+00   2.989999e-02  1.045116e-01  4.311776e-02
  3.130000e+00    3.130000e+00   2.989999e-02  1.047947e-01  4.302731e-02
  3.130000e+00    3.130000e+00   2.989999e-02  1.050777e-01  4.293723e-02
  3.130000e+00    3.130000e+00   2.989999e-02  1.053608e-01  4.284753e-02
  3.130000e+00    3.130000e+00   2.989999e-02  1.056439e-01  4.275820e-02
  3.130000e+00    3.130000e+00   2.989999e-02  1.059270e-01  4.266923e-02
  3.130000e+00    3.130000e+00   2.989999e-02  1.062101e-01  4.258062e-02
  3.130000e+00    3.130000e+00   2.989999e-02  1.064931e-01  4.249238e-02
  3.130000e+00    3.130000e+00   2.989999e-02  1.067762e-01  4.240449e-02
  3.130000e+00    3.130000e+00   2.989999e-02  1.070593e-01  4.231697e-02
  3.130000e+00    3.130000e+00   2.989999e-02  1.073424e-01  4.222980e-02
  3.130000e+00    3.130000e+00   2.989999e-02  1.076254e-01  4.214298e-02
  3.130000e+00    3.130000e+00   2.989999e-02  1.079085e-01  4.205652e-02
  3.130000e+00    3.130000e+00   2.989999e-02  1.081916e-01  4.197040e-02
  3.130000e+00    3.130000e+00   2.989999e-02  1.084747e-01  4.188463e-02
  3.130000e+00    3.130000e+00   2.989999e-02  1.087577e-01  4.179921e-02
  3.130000e+00    3.130000e+00   2.989999e-02  1.090408e-01  4.171413e-02
  3.130000e+00    3.130000e+00   2.989999e-02  1.093239e-01  4.162939e-02
  3.130000e+00    3.130000e+00   2.989999e-02  1.096070e-01  4.154499e-02
  3.130000e+00    3.130000e+00   2.989999e-02  1.098900e-01  4.146092e-02
  3.130000e+00    3.130000e+00   2.989999e-02  1.101731e-01  4.137720e-02
  3.130000e+00    3.130000e+00   2.989999e-02  1.104562e-01  4.129380e-02
  3.130000e+00    3.130000e+00   2.989999e-02  1.107393e-01  4.121074e-02
  3.130000e+00    3.130000e+00   2.989999e-02  1.110223e-01  4.112801e-02
  3.130000e+00    3.130000e+00   2.989999e-02  1.113054e-01  4.104560e-02
  3.130000e+00    3.130000e+00   2.989999e-02  1.115885e-01  4.096353e-02
  3.130000e+00    3.130000e+00   2.989999e-02  1.118716e-01  4.088177e-02
  3.130000e+00    3.130000e+00   2.989999e-02  1.121546e-01  4.080034e-02
  3.130000e+00    3.130000e+00   2.989999e-02  1.124377e-01  4.071923e-02
  3.130000e+00    3.130000e+00   2.989999e-02  1.127208e-01  4.063843e-02
  3.130000e+00    3.130000e+00   2.989999e-02  1.130039e-01  4.055795e-02
  3.130000e+00    3.130000e+00   2.989999e-02  1.132870e-01  4.047779e-02
  3.130000e+00    3.130000e+00   2.989999e-02  1.135700e-01  4.039794e-02
  3.130000e+00    3.130000e+00   2.989999e-02  1.138531e-01  4.031840e-02
  3.130000e+00    3.130000e+00   2.989999e-02  1.141362e-01  4.023917e-02
  3.130000e+00    3.130000e+00   2.989999e-02  1.144193e-01  4.016025e-02
  3.130000e+00    3.130000e+00   2.989999e-02  1.147023e-01  4.008164e-02
  3.130000e+00    3.130000e+00   2.989999e-02  1.149854e-01  4.000333e-02
  3.130000e+00    3.130000e+00   2.989999e-02  1.152685e-01  3.992532e-02
  3.130000e+00    3.130000e+00   2.989999e-02  1.155516e-01  3.984761e-02
  3.130000e+00    3.130000e+00   2.989999e-02  1.158346e-01  3.977021e-02
  3.130000e+00    3.130000e+00   2.989999e-02  1.161177e-01  3.969310e-02
  3.130000e+00    3.130000e+00   2.989999e-02  1.164008e-01  3.961628e-02
  3.130000e+00    3.130000e+00   2.989999e-02  1.166839e-01  3.953976e-02
  3.130000e+00    3.130000e+00   2.989999e-02  1.169669e-01  3.946354e-02
  3.130000e+00    3.130000e+00   2.989999e-02  1.172500e-01  3.938760e-02
  3.130000e+00    3.130000e+00   2.989999e-02  1.175331e-01  3.931195e-02
  3.130000e+00    3.130000e+00   2.989999e-02  1.178162e-01  3.923659e-02
  3.130000e+00    3.130000e+00   2.989999e-02  1.180992e-01  3.916152e-02
  3.130000e+00    3.130000e+00   2.989999e-02  1.183823e-01  3.908673e-02
  3.130000e+00    3.130000e+00   2.989999e-02  1.186654e-01  3.901223e-02
  3.130000e+00    3.130000e+00   2.989999e-02  1.189485e-01  3.893801e-02
  3.130000e+00    3.130000e+00   2.989999e-02  1.192316e-01  3.886406e-02
  3.130000e+00    3.130000e+00   2.989999e-02  1.195146e-01  3.879040e-02
  3.130000e+00    3.130000e+00   2.989999e-02  1.197977e-01  3.871701e-02
  3.130000e+00    3.130000e+00   2.989999e-02  1.200808e-01  3.864390e-02
  3.130000e+00    3.130000e+00   2.989999e-02  1.203639e-01  3.857106e-02
  3.130000e+00    3.130000e+00   2.989999e-02  1.206469e-01  3.849849e-02
  3.130000e+00    3.130000e+00   2.989999e-02  1.209300e-01  3.842620e-02
  3.130000e+00    3.130000e+00   2.989999e-02  1.212131e-01  3.835417e-02
  3.130000e+00    3.130000e+00   2.989999e-02  1.214962e-01  3.828241e-02
  3.130000e+00    3.130000e+00   2.989999e-02  1.217792e-01  3.821092e-02
  3.130000e+00    3.130000e+00   2.989999e-02  1.220623e-01  3.813969e-02
  3.130000e+00    3.130000e+00   2.989999e-02  1.223454e-01  3.806873e-02
  3.130000e+00    3.130000e+00   2.989999e-02  1.226285e-01  3.799803e-02
  3.130000e+00    3.130000e+00   2.989999e-02  1.229115e-01  3.792759e-02
  3.130000e+00    3.130000e+00   2.989999e-02  1.231946e-01  3.785741e-02
  3.130000e+00    3.130000e+00   2.989999e-02  1.234777e-01  3.778749e-02
  3.130000e+00    3.130000e+00   2.989999e-02  1.237608e-01  3.771782e-02
  3.130000e+00    3.130000e+00   2.989999e-02  1.240438e-01  3.764841e-02
  3.130000e+00    3.130000e+00   2.989999e-02  1.243269e-01  3.757925e-02
  3.130000e+00    3.130000e+00   2.989999e-02  1.246100e-01  3.751035e-02
  3.130000e+00    3.130000e+00   2.989999e-02  1.248931e-01  3.744170e-02
  3.130000e+00    3.130000e+00   2.989999e-02  1.251761e-01  3.737329e-02
  3.130000e+00    3.130000e+00   2.989999e-02  1.254592e-01  3.730514e-02
  3.130000e+00    3.130000e+00   2.989999e-02  1.257423e-01  3.723723e-02
  3.130000e+00    3.130000e+00   2.989999e-02  1.260254e-01  3.716957e-02
  3.130000e+00    3.130000e+00   2.989999e-02  1.263085e-01  3.710215e-02
  3.130000e+00    3.130000e+00   2.989999e-02  1.265915e-01  3.703498e-02
  3.130000e+00    3.130000e+00   2.989999e-02  1.268746e-01  3.696805e-02
  3.130000e+00    3.130000e+00   2.989999e-02  1.271577e-01  3.690136e-02
  3.130000e+00    3.130000e+00   2.989999e-02  1.274408e-01  3.683491e-02
  3.130000e+00    3.130000e+00   2.989999e-02  1.277238e-01  3.676869e-02
  3.130000e+00    3.130000e+00   2.989999e-02  1.280069e-01  3.670272e-02
  3.130000e+00    3.130000e+00   2.989999e-02  1.282900e-01  3.663698e-02
  3.130000e+00    3.130000e+00   2.989999e-02  1.285731e-01  3.657147e-02
  3.130000e+00    3.130000e+00   2.989999e-02  1.288561e-01  3.650620e-02
  3.130000e+00    3.130000e+00   2.989999e-02  1.291392e-01  3.644116e-02
  3.130000e+00    3.130000e+00   2.989999e-02  1.294223e-01  3.637635e-02
  3.130000e+00    3.130000e+00   2.989999e-02  1.297054e-01  3.631177e-02
  3.130000e+00    3.130000e+00   2.989999e-02  1.299884e-01  3.624742e-02
  3.130000e+00    3.130000e+00   2.989999e-02  1.302715e-01  3.618330e-02
  3.130000e+00    3.130000e+00   2.989999e-02  1.305546e-01  3.611940e-02
  3.130000e+00    3.130000e+00   2.989999e-02  1.308377e-01  3.605573e-02
  3.130000e+00    3.130000e+00   2.989999e-02  1.311207e-01  3.599228e-02
  3.130000e+00    3.130000e+00   2.989999e-02  1.314038e-01  3.592905e-02
  3.130000e+00    3.130000e+00   2.989999e-02  1.316869e-01  3.586605e-02
  3.130000e+00    3.130000e+00   2.989999e-02  1.319700e-01  3.580326e-02
  3.130000e+00    3.130000e+00   2.989999e-02  1.322531e-01  3.574070e-02
  3.130000e+00    3.130000e+00   2.989999e-02  1.325361e-01  3.567835e-02
  3.130000e+00    3.130000e+00   2.989999e-02  1.328192e-01  3.561622e-02
  3.130000e+00    3.130000e+00   2.989999e-02  1.331023e-01  3.555431e-02
  3.130000e+00    3.130000e+00   2.989999e-02  1.333854e-01  3.549261e-02
  3.130000e+00    3.130000e+00   2.989999e-02  1.336684e-01  3.543112e-02
  3.130000e+00    3.130000e+00   2.989999e-02  1.339515e-01  3.536985e-02
  3.130000e+00    3.130000e+00   2.989999e-02  1.342346e-01  3.530879e-02
  3.130000e+00    3.130000e+00   2.989999e-02  1.345177e-01  3.524794e-02
  3.130000e+00    3.130000e+00   2.989999e-02  1.348007e-01  3.518730e-02
  3.130000e+00    3.130000e+00   2.989999e-02  1.350838e-01  3.512687e-02
  3.130000e+00    3.130000e+00   2.989999e-02  1.353669e-01  3.506664e-02
  3.130000e+00    3.130000e+00   2.989999e-02  1.356500e-01  3.500662e-02
  3.130000e+00    3.130000e+00   2.989999e-02  1.359330e-01  3.494681e-02
  3.130000e+00    3.130000e+00   2.989999e-02  1.362161e-01  3.488720e-02
  3.130000e+00    3.130000e+00   2.989999e-02  1.364992e-01  3.482779e-02
  3.130000e+00    3.130000e+00   2.989999e-02  1.367823e-01  3.476859e-02
  3.130000e+00    3.130000e+00   2.989999e-02  1.370653e-01  3.470959e-02
  3.130000e+00    3.130000e+00   2.989999e-02  1.373484e-01  3.465078e-02
  3.130000e+00    3.130000e+00   2.989999e-02  1.376315e-01  3.459218e-02
  3.130000e+00    3.130000e+00   2.989999e-02  1.379146e-01  3.453377e-02
  3.130000e+00    3.130000e+00   2.989999e-02  1.381976e-01  3.447557e-02
  3.130000e+00    3.130000e+00   2.989999e-02  1.384807e-01  3.441755e-02
  3.130000e+00    3.130000e+00   2.989999e-02  1.387638e-01  3.435974e-02
  3.130000e+00    3.130000e+00   2.989999e-02  1.390469e-01  3.430211e-02
  3.130000e+00    3.130000e+00   2.989999e-02  1.393300e-01  3.424469e-02
  3.130000e+00    3.130000e+00   2.989999e-02  1.396130e-01  3.418745e-02
  3.130000e+00    3.130000e+00   2.989999e-02  1.398961e-01  3.413040e-02
  3.130000e+00    3.130000e+00   2.989999e-02  1.401792e-01  3.407355e-02
  3.130000e+00    3.130000e+00   2.989999e-02  1.404623e-01  3.401688e-02
  3.130000e+00    3.130000e+00   2.989999e-02  1.407453e-01  3.396041e-02
  3.130000e+00    3.130000e+00   2.989999e-02  1.410284e-01  3.390412e-02
  3.130000e+00    3.130000e+00   2.989999e-02  1.413115e-01  3.384802e-02
