
  2.349999e+00    2.349999e+00   1.289992e-01  5.652459e-05  3.314425e-04
  2.349999e+00    2.349999e+00   1.289992e-01  3.396007e-04  1.663358e-03
  2.349999e+00    2.349999e+00   1.289992e-01  6.226767e-04  2.607160e-03
  2.349999e+00    2.349999e+00   1.289992e-01  9.057528e-04  3.302947e-03
  2.349999e+00    2.349999e+00   1.289992e-01  1.188829e-03  3.833102e-03
  2.349999e+00    2.349999e+00   1.289992e-01  1.471905e-03  4.248090e-03
  2.349999e+00    2.349999e+00   1.289992e-01  1.754981e-03  4.580101e-03
  2.349999e+00    2.349999e+00   1.289992e-01  2.038057e-03  4.850470e-03
  2.349999e+00    2.349999e+00   1.289992e-01  2.321133e-03  5.073834e-03
  2.349999e+00    2.349999e+00   1.289992e-01  2.604209e-03  5.260554e-03
  2.349999e+00    2.349999e+00   1.289992e-01  2.887285e-03  5.418166e-03
  2.349999e+00    2.349999e+00   1.289992e-01  3.170361e-03  5.552280e-03
  2.349999e+00    2.349999e+00   1.289992e-01  3.453437e-03  5.667158e-03
  2.349999e+00    2.349999e+00   1.289992e-01  3.736514e-03  5.766098e-03
  2.349999e+00    2.349999e+00   1.289992e-01  4.019590e-03  5.851692e-03
  2.349999e+00    2.349999e+00   1.289992e-01  4.302666e-03  5.926004e-03
  2.349999e+00    2.349999e+00   1.289992e-01  4.585742e-03  5.990699e-03
  2.349999e+00    2.349999e+00   1.289992e-01  4.868818e-03  6.047134e-03
  2.349999e+00    2.349999e+00   1.289992e-01  5.151894e-03  6.096427e-03
  2.349999e+00    2.349999e+00   1.289992e-01  5.434970e-03  6.139508e-03
  2.349999e+00    2.349999e+00   1.289992e-01  5.718046e-03  6.177153e-03
  2.349999e+00    2.349999e+00   1.289992e-01  6.001122e-03  6.210020e-03
  2.349999e+00    2.349999e+00   1.289992e-01  6.284198e-03  6.238666e-03
  2.349999e+00    2.349999e+00   1.289992e-01  6.567274e-03  6.263568e-03
  2.349999e+00    2.349999e+00   1.289992e-01  6.850350e-03  6.285138e-03
  2.349999e+00    2.349999e+00   1.289992e-01  7.133426e-03  6.303729e-03
  2.349999e+00    2.349999e+00   1.289992e-01  7.416502e-03  6.319649e-03
  2.349999e+00    2.349999e+00   1.289992e-01  7.699579e-03  6.333168e-03
  2.349999e+00    2.349999e+00   1.289992e-01  7.982655e-03  6.344522e-03
  2.349999e+00    2.349999e+00   1.289992e-01  8.265731e-03  6.353918e-03
  2.349999e+00    2.349999e+00   1.289992e-01  8.548807e-03  6.361540e-03
  2.349999e+00    2.349999e+00   1.289992e-01  8.831883e-03  6.367551e-03
  2.349999e+00    2.349999e+00   1.289992e-01  9.114959e-03  6.372094e-03
  2.349999e+00    2.349999e+00   1.289992e-01  9.398035e-03  6.375300e-03
  2.349999e+00    2.349999e+00   1.289992e-01  9.681111e-03  6.377285e-03
  2.349999e+00    2.349999e+00   1.289992e-01  9.964187e-03  6.378152e-03
  2.349999e+00    2.349999e+00   1.289992e-01  1.024726e-02  6.377994e-03
  2.349999e+00    2.349999e+00   1.289992e-01  1.053034e-02  6.376896e-03
  2.349999e+00    2.349999e+00   1.289992e-01  1.081342e-02  6.374934e-03
  2.349999e+00    2.349999e+00   1.289992e-01  1.109649e-02  6.372178e-03
  2.349999e+00    2.349999e+00   1.289992e-01  1.137957e-02  6.368690e-03
  2.349999e+00    2.349999e+00   1.289992e-01  1.166264e-02  6.364528e-03
  2.349999e+00    2.349999e+00   1.289992e-01  1.194572e-02  6.359743e-03
  2.349999e+00    2.349999e+00   1.289992e-01  1.222880e-02  6.354383e-03
  2.349999e+00    2.349999e+00   1.289992e-01  1.251187e-02  6.348492e-03
  2.349999e+00    2.349999e+00   1.289992e-01  1.279495e-02  6.342110e-03
  2.349999e+00    2.349999e+00   1.289992e-01  1.307802e-02  6.335274e-03
  2.349999e+00    2.349999e+00   1.289992e-01  1.336110e-02  6.328017e-03
  2.349999e+00    2.349999e+00   1.289992e-01  1.364418e-02  6.320370e-03
  2.349999e+00    2.349999e+00   1.289992e-01  1.392725e-02  6.312363e-03
  2.349999e+00    2.349999e+00   1.289992e-01  1.421033e-02  6.304021e-03
  2.349999e+00    2.349999e+00   1.289992e-01  1.449340e-02  6.295370e-03
  2.349999e+00    2.349999e+00   1.289992e-01  1.477648e-02  6.286431e-03
  2.349999e+00    2.349999e+00   1.289992e-01  1.505956e-02  6.277226e-03
  2.349999e+00    2.349999e+00   1.289992e-01  1.534263e-02  6.267775e-03
  2.349999e+00    2.349999e+00   1.289992e-01  1.562571e-02  6.258095e-03
  2.349999e+00    2.349999e+00   1.289992e-01  1.590878e-02  6.248203e-03
  2.349999e+00    2.349999e+00   1.289992e-01  1.619186e-02  6.238115e-03
  2.349999e+00    2.349999e+00   1.289992e-01  1.647494e-02  6.227846e-03
  2.349999e+00    2.349999e+00   1.289992e-01  1.675801e-02  6.217409e-03
  2.349999e+00    2.349999e+00   1.289992e-01  1.704109e-02  6.206817e-03
  2.349999e+00    2.349999e+00   1.289992e-01  1.732417e-02  6.196081e-03
  2.349999e+00    2.349999e+00   1.289992e-01  1.760724e-02  6.185214e-03
  2.349999e+00    2.349999e+00   1.289992e-01  1.789032e-02  6.174224e-03
  2.349999e+00    2.349999e+00   1.289992e-01  1.817339e-02  6.163123e-03
  2.349999e+00    2.349999e+00   1.289992e-01  1.845647e-02  6.151918e-03
  2.349999e+00    2.349999e+00   1.289992e-01  1.873955e-02  6.140619e-03
  2.349999e+00    2.349999e+00   1.289992e-01  1.902262e-02  6.129233e-03
  2.349999e+00    2.349999e+00   1.289992e-01  1.930570e-02  6.117768e-03
  2.349999e+00    2.349999e+00   1.289992e-01  1.958877e-02  6.106232e-03
  2.349999e+00    2.349999e+00   1.289992e-01  1.987185e-02  6.094629e-03
  2.349999e+00    2.349999e+00   1.289992e-01  2.015493e-02  6.082968e-03
  2.349999e+00    2.349999e+00   1.289992e-01  2.043800e-02  6.071253e-03
  2.349999e+00    2.349999e+00   1.289992e-01  2.072108e-02  6.059491e-03
  2.349999e+00    2.349999e+00   1.289992e-01  2.100415e-02  6.047685e-03
  2.349999e+00    2.349999e+00   1.289992e-01  2.128723e-02  6.035842e-03
  2.349999e+00    2.349999e+00   1.289992e-01  2.157031e-02  6.023966e-03
  2.349999e+00    2.349999e+00   1.289992e-01  2.185338e-02  6.012060e-03
  2.349999e+00    2.349999e+00   1.289992e-01  2.213646e-02  6.000130e-03
  2.349999e+00    2.349999e+00   1.289992e-01  2.241953e-02  5.988178e-03
  2.349999e+00    2.349999e+00   1.289992e-01  2.270261e-02  5.976210e-03
  2.349999e+00    2.349999e+00   1.289992e-01  2.298569e-02  5.964227e-03
  2.349999e+00    2.349999e+00   1.289992e-01  2.326876e-02  5.952233e-03
  2.349999e+00    2.349999e+00   1.289992e-01  2.355184e-02  5.940231e-03
  2.349999e+00    2.349999e+00   1.289992e-01  2.383491e-02  5.928225e-03
  2.349999e+00    2.349999e+00   1.289992e-01  2.411799e-02  5.916216e-03
  2.349999e+00    2.349999e+00   1.289992e-01  2.440107e-02  5.904208e-03
  2.349999e+00    2.349999e+00   1.289992e-01  2.468414e-02  5.892202e-03
  2.349999e+00    2.349999e+00   1.289992e-01  2.496722e-02  5.880202e-03
  2.349999e+00    2.349999e+00   1.289992e-01  2.525030e-02  5.868209e-03
  2.349999e+00    2.349999e+00   1.289992e-01  2.553337e-02  5.856224e-03
  2.349999e+00    2.349999e+00   1.289992e-01  2.581645e-02  5.844251e-03
  2.349999e+00    2.349999e+00   1.289992e-01  2.609952e-02  5.832291e-03
  2.349999e+00    2.349999e+00   1.289992e-01  2.638260e-02  5.820346e-03
  2.349999e+00    2.349999e+00   1.289992e-01  2.666568e-02  5.808416e-03
  2.349999e+00    2.349999e+00   1.289992e-01  2.694875e-02  5.796505e-03
  2.349999e+00    2.349999e+00   1.289992e-01  2.723183e-02  5.784612e-03
  2.349999e+00    2.349999e+00   1.289992e-01  2.751490e-02  5.772741e-03
  2.349999e+00    2.349999e+00   1.289992e-01  2.779798e-02  5.760891e-03
  2.349999e+00    2.349999e+00   1.289992e-01  2.808106e-02  5.749064e-03
  2.349999e+00    2.349999e+00   1.289992e-01  2.836413e-02  5.737261e-03
  2.349999e+00    2.349999e+00   1.289992e-01  2.864721e-02  5.725484e-03
  2.349999e+00    2.349999e+00   1.289992e-01  2.893028e-02  5.713733e-03
  2.349999e+00    2.349999e+00   1.289992e-01  2.921336e-02  5.702009e-03
  2.349999e+00    2.349999e+00   1.289992e-01  2.949644e-02  5.690313e-03
  2.349999e+00    2.349999e+00   1.289992e-01  2.977951e-02  5.678647e-03
  2.349999e+00    2.349999e+00   1.289992e-01  3.006259e-02  5.667010e-03
  2.349999e+00    2.349999e+00   1.289992e-01  3.034566e-02  5.655404e-03
  2.349999e+00    2.349999e+00   1.289992e-01  3.062874e-02  5.643829e-03
  2.349999e+00    2.349999e+00   1.289992e-01  3.091182e-02  5.632285e-03
  2.349999e+00    2.349999e+00   1.289992e-01  3.119489e-02  5.620775e-03
  2.349999e+00    2.349999e+00   1.289992e-01  3.147797e-02  5.609297e-03
  2.349999e+00    2.349999e+00   1.289992e-01  3.176104e-02  5.597854e-03
  2.349999e+00    2.349999e+00   1.289992e-01  3.204412e-02  5.586444e-03
  2.349999e+00    2.349999e+00   1.289992e-01  3.232720e-02  5.575069e-03
  2.349999e+00    2.349999e+00   1.289992e-01  3.261027e-02  5.563729e-03
  2.349999e+00    2.349999e+00   1.289992e-01  3.289335e-02  5.552425e-03
  2.349999e+00    2.349999e+00   1.289992e-01  3.317643e-02  5.541157e-03
  2.349999e+00    2.349999e+00   1.289992e-01  3.345950e-02  5.529925e-03
  2.349999e+00    2.349999e+00   1.289992e-01  3.374258e-02  5.518729e-03
  2.349999e+00    2.349999e+00   1.289992e-01  3.402565e-02  5.507571e-03
  2.349999e+00    2.349999e+00   1.289992e-01  3.430873e-02  5.496450e-03
  2.349999e+00    2.349999e+00   1.289992e-01  3.459181e-02  5.485366e-03
  2.349999e+00    2.349999e+00   1.289992e-01  3.487488e-02  5.474320e-03
  2.349999e+00    2.349999e+00   1.289992e-01  3.515796e-02  5.463312e-03
  2.349999e+00    2.349999e+00   1.289992e-01  3.544103e-02  5.452342e-03
  2.349999e+00    2.349999e+00   1.289992e-01  3.572411e-02  5.441411e-03
  2.349999e+00    2.349999e+00   1.289992e-01  3.600719e-02  5.430518e-03
  2.349999e+00    2.349999e+00   1.289992e-01  3.629026e-02  5.419663e-03
  2.349999e+00    2.349999e+00   1.289992e-01  3.657334e-02  5.408848e-03
  2.349999e+00    2.349999e+00   1.289992e-01  3.685641e-02  5.398071e-03
  2.349999e+00    2.349999e+00   1.289992e-01  3.713949e-02  5.387334e-03
  2.349999e+00    2.349999e+00   1.289992e-01  3.742257e-02  5.376636e-03
  2.349999e+00    2.349999e+00   1.289992e-01  3.770564e-02  5.365977e-03
  2.349999e+00    2.349999e+00   1.289992e-01  3.798872e-02  5.355357e-03
  2.349999e+00    2.349999e+00   1.289992e-01  3.827179e-02  5.344776e-03
  2.349999e+00    2.349999e+00   1.289992e-01  3.855487e-02  5.334235e-03
  2.349999e+00    2.349999e+00   1.289992e-01  3.883795e-02  5.323734e-03
  2.349999e+00    2.349999e+00   1.289992e-01  3.912102e-02  5.313271e-03
  2.349999e+00    2.349999e+00   1.289992e-01  3.940410e-02  5.302849e-03
  2.349999e+00    2.349999e+00   1.289992e-01  3.968717e-02  5.292465e-03
  2.349999e+00    2.349999e+00   1.289992e-01  3.997025e-02  5.282122e-03
  2.349999e+00    2.349999e+00   1.289992e-01  4.025333e-02  5.271817e-03
  2.349999e+00    2.349999e+00   1.289992e-01  4.053640e-02  5.261552e-03
  2.349999e+00    2.349999e+00   1.289992e-01  4.081948e-02  5.251327e-03
  2.349999e+00    2.349999e+00   1.289992e-01  4.110256e-02  5.241141e-03
  2.349999e+00    2.349999e+00   1.289992e-01  4.138563e-02  5.230994e-03
  2.349999e+00    2.349999e+00   1.289992e-01  4.166871e-02  5.220886e-03
  2.349999e+00    2.349999e+00   1.289992e-01  4.195178e-02  5.210818e-03
  2.349999e+00    2.349999e+00   1.289992e-01  4.223486e-02  5.200789e-03
  2.349999e+00    2.349999e+00   1.289992e-01  4.251794e-02  5.190799e-03
  2.349999e+00    2.349999e+00   1.289992e-01  4.280101e-02  5.180848e-03
  2.349999e+00    2.349999e+00   1.289992e-01  4.308409e-02  5.170935e-03
  2.349999e+00    2.349999e+00   1.289992e-01  4.336716e-02  5.161062e-03
  2.349999e+00    2.349999e+00   1.289992e-01  4.365024e-02  5.151227e-03
  2.349999e+00    2.349999e+00   1.289992e-01  4.393332e-02  5.141431e-03
  2.349999e+00    2.349999e+00   1.289992e-01  4.421639e-02  5.131674e-03
  2.349999e+00    2.349999e+00   1.289992e-01  4.449947e-02  5.121955e-03
  2.349999e+00    2.349999e+00   1.289992e-01  4.478254e-02  5.112275e-03
  2.349999e+00    2.349999e+00   1.289992e-01  4.506562e-02  5.102632e-03
  2.349999e+00    2.349999e+00   1.289992e-01  4.534870e-02  5.093028e-03
  2.349999e+00    2.349999e+00   1.289992e-01  4.563177e-02  5.083462e-03
  2.349999e+00    2.349999e+00   1.289992e-01  4.591485e-02  5.073934e-03
  2.349999e+00    2.349999e+00   1.289992e-01  4.619792e-02  5.064443e-03
  2.349999e+00    2.349999e+00   1.289992e-01  4.648100e-02  5.054991e-03
  2.349999e+00    2.349999e+00   1.289992e-01  4.676408e-02  5.045575e-03
  2.349999e+00    2.349999e+00   1.289992e-01  4.704715e-02  5.036198e-03
  2.349999e+00    2.349999e+00   1.289992e-01  4.733023e-02  5.026857e-03
  2.349999e+00    2.349999e+00   1.289992e-01  4.761330e-02  5.017554e-03
  2.349999e+00    2.349999e+00   1.289992e-01  4.789638e-02  5.008287e-03
  2.349999e+00    2.349999e+00   1.289992e-01  4.817946e-02  4.999058e-03
  2.349999e+00    2.349999e+00   1.289992e-01  4.846253e-02  4.989865e-03
  2.349999e+00    2.349999e+00   1.289992e-01  4.874561e-02  4.980708e-03
  2.349999e+00    2.349999e+00   1.289992e-01  4.902869e-02  4.971589e-03
  2.349999e+00    2.349999e+00   1.289992e-01  4.931176e-02  4.962505e-03
  2.349999e+00    2.349999e+00   1.289992e-01  4.959484e-02  4.953458e-03
  2.349999e+00    2.349999e+00   1.289992e-01  4.987791e-02  4.944446e-03
  2.349999e+00    2.349999e+00   1.289992e-01  5.016099e-02  4.935471e-03
  2.349999e+00    2.349999e+00   1.289992e-01  5.044407e-02  4.926531e-03
  2.349999e+00    2.349999e+00   1.289992e-01  5.072714e-02  4.917627e-03
  2.349999e+00    2.349999e+00   1.289992e-01  5.101022e-02  4.908758e-03
  2.349999e+00    2.349999e+00   1.289992e-01  5.129329e-02  4.899924e-03
  2.349999e+00    2.349999e+00   1.289992e-01  5.157637e-02  4.891126e-03
  2.349999e+00    2.349999e+00   1.289992e-01  5.185945e-02  4.882362e-03
  2.349999e+00    2.349999e+00   1.289992e-01  5.214252e-02  4.873634e-03
  2.349999e+00    2.349999e+00   1.289992e-01  5.242560e-02  4.864940e-03
  2.349999e+00    2.349999e+00   1.289992e-01  5.270867e-02  4.856280e-03
  2.349999e+00    2.349999e+00   1.289992e-01  5.299175e-02  4.847655e-03
  2.349999e+00    2.349999e+00   1.289992e-01  5.327483e-02  4.839064e-03
  2.349999e+00    2.349999e+00   1.289992e-01  5.355790e-02  4.830507e-03
  2.349999e+00    2.349999e+00   1.289992e-01  5.384098e-02  4.821983e-03
  2.349999e+00    2.349999e+00   1.289992e-01  5.412405e-02  4.813494e-03
  2.349999e+00    2.349999e+00   1.289992e-01  5.440713e-02  4.805038e-03
  2.349999e+00    2.349999e+00   1.289992e-01  5.469021e-02  4.796615e-03
  2.349999e+00    2.349999e+00   1.289992e-01  5.497328e-02  4.788226e-03
  2.349999e+00    2.349999e+00   1.289992e-01  5.525636e-02  4.779870e-03
  2.349999e+00    2.349999e+00   1.289992e-01  5.553943e-02  4.771546e-03
  2.349999e+00    2.349999e+00   1.289992e-01  5.582251e-02  4.763256e-03
  2.349999e+00    2.349999e+00   1.289992e-01  5.610559e-02  4.754998e-03
  2.349999e+00    2.349999e+00   1.289992e-01  5.638866e-02  4.746772e-03
  2.349999e+00    2.349999e+00   1.289992e-01  5.667174e-02  4.738579e-03
  2.349999e+00    2.349999e+00   1.289992e-01  5.695482e-02  4.730418e-03
  2.349999e+00    2.349999e+00   1.289992e-01  5.723789e-02  4.722289e-03
  2.349999e+00    2.349999e+00   1.289992e-01  5.752097e-02  4.714191e-03
  2.349999e+00    2.349999e+00   1.289992e-01  5.780404e-02  4.706126e-03
  2.349999e+00    2.349999e+00   1.289992e-01  5.808712e-02  4.698091e-03
  2.349999e+00    2.349999e+00   1.289992e-01  5.837020e-02  4.690089e-03
  2.349999e+00    2.349999e+00   1.289992e-01  5.865327e-02  4.682117e-03
  2.349999e+00    2.349999e+00   1.289992e-01  5.893635e-02  4.674176e-03
  2.349999e+00    2.349999e+00   1.289992e-01  5.921942e-02  4.666267e-03
  2.349999e+00    2.349999e+00   1.289992e-01  5.950250e-02  4.658388e-03
  2.349999e+00    2.349999e+00   1.289992e-01  5.978558e-02  4.650539e-03
  2.349999e+00    2.349999e+00   1.289992e-01  6.006865e-02  4.642721e-03
  2.349999e+00    2.349999e+00   1.289992e-01  6.035173e-02  4.634933e-03
  2.349999e+00    2.349999e+00   1.289992e-01  6.063480e-02  4.627176e-03
  2.349999e+00    2.349999e+00   1.289992e-01  6.091788e-02  4.619448e-03
  2.349999e+00    2.349999e+00   1.289992e-01  6.120096e-02  4.611750e-03
  2.349999e+00    2.349999e+00   1.289992e-01  6.148403e-02  4.604082e-03
  2.349999e+00    2.349999e+00   1.289992e-01  6.176711e-02  4.596443e-03
  2.349999e+00    2.349999e+00   1.289992e-01  6.205018e-02  4.588833e-03
  2.349999e+00    2.349999e+00   1.289992e-01  6.233326e-02  4.581253e-03
  2.349999e+00    2.349999e+00   1.289992e-01  6.261634e-02  4.573702e-03
  2.349999e+00    2.349999e+00   1.289992e-01  6.289941e-02  4.566180e-03
  2.349999e+00    2.349999e+00   1.289992e-01  6.318249e-02  4.558686e-03
  2.349999e+00    2.349999e+00   1.289992e-01  6.346556e-02  4.551221e-03
  2.349999e+00    2.349999e+00   1.289992e-01  6.374864e-02  4.543785e-03
  2.349999e+00    2.349999e+00   1.289992e-01  6.403172e-02  4.536377e-03
  2.349999e+00    2.349999e+00   1.289992e-01  6.431479e-02  4.528997e-03
  2.349999e+00    2.349999e+00   1.289992e-01  6.459787e-02  4.521645e-03
  2.349999e+00    2.349999e+00   1.289992e-01  6.488095e-02  4.514320e-03
  2.349999e+00    2.349999e+00   1.289992e-01  6.516402e-02  4.507024e-03
  2.349999e+00    2.349999e+00   1.289992e-01  6.544710e-02  4.499755e-03
  2.349999e+00    2.349999e+00   1.289992e-01  6.573017e-02  4.492514e-03
  2.349999e+00    2.349999e+00   1.289992e-01  6.601325e-02  4.485300e-03
  2.349999e+00    2.349999e+00   1.289992e-01  6.629633e-02  4.478113e-03
  2.349999e+00    2.349999e+00   1.289992e-01  6.657940e-02  4.470953e-03
  2.349999e+00    2.349999e+00   1.289992e-01  6.686248e-02  4.463820e-03
  2.349999e+00    2.349999e+00   1.289992e-01  6.714555e-02  4.456714e-03
  2.349999e+00    2.349999e+00   1.289992e-01  6.742863e-02  4.449634e-03
  2.349999e+00    2.349999e+00   1.289992e-01  6.771171e-02  4.442581e-03
  2.349999e+00    2.349999e+00   1.289992e-01  6.799478e-02  4.435554e-03
  2.349999e+00    2.349999e+00   1.289992e-01  6.827786e-02  4.428553e-03
  2.349999e+00    2.349999e+00   1.289992e-01  6.856093e-02  4.421578e-03
  2.349999e+00    2.349999e+00   1.289992e-01  6.884401e-02  4.414629e-03
  2.349999e+00    2.349999e+00   1.289992e-01  6.912709e-02  4.407706e-03
  2.349999e+00    2.349999e+00   1.289992e-01  6.941016e-02  4.400809e-03
  2.349999e+00    2.349999e+00   1.289992e-01  6.969324e-02  4.393937e-03
  2.349999e+00    2.349999e+00   1.289992e-01  6.997631e-02  4.387090e-03
  2.349999e+00    2.349999e+00   1.289992e-01  7.025939e-02  4.380269e-03
  2.349999e+00    2.349999e+00   1.289992e-01  7.054247e-02  4.373473e-03
  2.349999e+00    2.349999e+00   1.289992e-01  7.082554e-02  4.366702e-03
  2.349999e+00    2.349999e+00   1.289992e-01  7.110862e-02  4.359955e-03
  2.349999e+00    2.349999e+00   1.289992e-01  7.139169e-02  4.353234e-03
  2.349999e+00    2.349999e+00   1.289992e-01  7.167477e-02  4.346537e-03
  2.349999e+00    2.349999e+00   1.289992e-01  7.195785e-02  4.339864e-03
  2.349999e+00    2.349999e+00   1.289992e-01  7.224092e-02  4.333216e-03
  2.349999e+00    2.349999e+00   1.289992e-01  7.252400e-02  4.326592e-03
  2.349999e+00    2.349999e+00   1.289992e-01  7.280708e-02  4.319992e-03
  2.349999e+00    2.349999e+00   1.289992e-01  7.309015e-02  4.313416e-03
  2.349999e+00    2.349999e+00   1.289992e-01  7.337323e-02  4.306864e-03
  2.349999e+00    2.349999e+00   1.289992e-01  7.365630e-02  4.300335e-03
  2.349999e+00    2.349999e+00   1.289992e-01  7.393938e-02  4.293830e-03
  2.349999e+00    2.349999e+00   1.289992e-01  7.422246e-02  4.287349e-03
  2.349999e+00    2.349999e+00   1.289992e-01  7.450553e-02  4.280891e-03
  2.349999e+00    2.349999e+00   1.289992e-01  7.478861e-02  4.274456e-03
  2.349999e+00    2.349999e+00   1.289992e-01  7.507168e-02  4.268044e-03
  2.349999e+00    2.349999e+00   1.289992e-01  7.535476e-02  4.261655e-03
  2.349999e+00    2.349999e+00   1.289992e-01  7.563784e-02  4.255289e-03
  2.349999e+00    2.349999e+00   1.289992e-01  7.592091e-02  4.248946e-03
  2.349999e+00    2.349999e+00   1.289992e-01  7.620399e-02  4.242625e-03
  2.349999e+00    2.349999e+00   1.289992e-01  7.648706e-02  4.236327e-03
  2.349999e+00    2.349999e+00   1.289992e-01  7.677014e-02  4.230052e-03
  2.349999e+00    2.349999e+00   1.289992e-01  7.705322e-02  4.223798e-03
  2.349999e+00    2.349999e+00   1.289992e-01  7.733629e-02  4.217567e-03
  2.349999e+00    2.349999e+00   1.289992e-01  7.761937e-02  4.211358e-03
  2.349999e+00    2.349999e+00   1.289992e-01  7.790244e-02  4.205170e-03
  2.349999e+00    2.349999e+00   1.289992e-01  7.818552e-02  4.199005e-03
  2.349999e+00    2.349999e+00   1.289992e-01  7.846860e-02  4.192861e-03
  2.349999e+00    2.349999e+00   1.289992e-01  7.875167e-02  4.186739e-03
  2.349999e+00    2.349999e+00   1.289992e-01  7.903475e-02  4.180638e-03
  2.349999e+00    2.349999e+00   1.289992e-01  7.931782e-02  4.174559e-03
  2.349999e+00    2.349999e+00   1.289992e-01  7.960090e-02  4.168500e-03
  2.349999e+00    2.349999e+00   1.289992e-01  7.988398e-02  4.162463e-03
  2.349999e+00    2.349999e+00   1.289992e-01  8.016705e-02  4.156448e-03
  2.349999e+00    2.349999e+00   1.289992e-01  8.045013e-02  4.150453e-03
  2.349999e+00    2.349999e+00   1.289992e-01  8.073321e-02  4.144478e-03
  2.349999e+00    2.349999e+00   1.289992e-01  8.101628e-02  4.138525e-03
  2.349999e+00    2.349999e+00   1.289992e-01  8.129936e-02  4.132592e-03
  2.349999e+00    2.349999e+00   1.289992e-01  8.158243e-02  4.126680e-03
  2.349999e+00    2.349999e+00   1.289992e-01  8.186551e-02  4.120788e-03
  2.349999e+00    2.349999e+00   1.289992e-01  8.214859e-02  4.114916e-03
  2.349999e+00    2.349999e+00   1.289992e-01  8.243166e-02  4.109065e-03
  2.349999e+00    2.349999e+00   1.289992e-01  8.271474e-02  4.103233e-03
  2.349999e+00    2.349999e+00   1.289992e-01  8.299781e-02  4.097422e-03
  2.349999e+00    2.349999e+00   1.289992e-01  8.328089e-02  4.091630e-03
  2.349999e+00    2.349999e+00   1.289992e-01  8.356397e-02  4.085859e-03
  2.349999e+00    2.349999e+00   1.289992e-01  8.384704e-02  4.080107e-03
  2.349999e+00    2.349999e+00   1.289992e-01  8.413012e-02  4.074374e-03
  2.349999e+00    2.349999e+00   1.289992e-01  8.441319e-02  4.068661e-03
  2.349999e+00    2.349999e+00   1.289992e-01  8.469627e-02  4.062968e-03
  2.349999e+00    2.349999e+00   1.289992e-01  8.497935e-02  4.057294e-03
  2.349999e+00    2.349999e+00   1.289992e-01  8.526242e-02  4.051639e-03
  2.349999e+00    2.349999e+00   1.289992e-01  8.554550e-02  4.046003e-03
  2.349999e+00    2.349999e+00   1.289992e-01  8.582857e-02  4.040386e-03
  2.349999e+00    2.349999e+00   1.289992e-01  8.611165e-02  4.034788e-03
  2.349999e+00    2.349999e+00   1.289992e-01  8.639473e-02  4.029208e-03
  2.349999e+00    2.349999e+00   1.289992e-01  8.667780e-02  4.023648e-03
  2.349999e+00    2.349999e+00   1.289992e-01  8.696088e-02  4.018106e-03
  2.349999e+00    2.349999e+00   1.289992e-01  8.724396e-02  4.012583e-03
  2.349999e+00    2.349999e+00   1.289992e-01  8.752703e-02  4.007078e-03
  2.349999e+00    2.349999e+00   1.289992e-01  8.781011e-02  4.001591e-03
  2.349999e+00    2.349999e+00   1.289992e-01  8.809318e-02  3.996123e-03
  2.349999e+00    2.349999e+00   1.289992e-01  8.837626e-02  3.990673e-03
  2.349999e+00    2.349999e+00   1.289992e-01  8.865934e-02  3.985240e-03
  2.349999e+00    2.349999e+00   1.289992e-01  8.894241e-02  3.979826e-03
  2.349999e+00    2.349999e+00   1.289992e-01  8.922549e-02  3.974430e-03
  2.349999e+00    2.349999e+00   1.289992e-01  8.950856e-02  3.969052e-03
  2.349999e+00    2.349999e+00   1.289992e-01  8.979164e-02  3.963691e-03
  2.349999e+00    2.349999e+00   1.289992e-01  9.007472e-02  3.958348e-03
  2.349999e+00    2.349999e+00   1.289992e-01  9.035779e-02  3.953022e-03
  2.349999e+00    2.349999e+00   1.289992e-01  9.064087e-02  3.947714e-03
  2.349999e+00    2.349999e+00   1.289992e-01  9.092394e-02  3.942423e-03
  2.349999e+00    2.349999e+00   1.289992e-01  9.120702e-02  3.937150e-03
  2.349999e+00    2.349999e+00   1.289992e-01  9.149010e-02  3.931894e-03
  2.349999e+00    2.349999e+00   1.289992e-01  9.177317e-02  3.926655e-03
  2.349999e+00    2.349999e+00   1.289992e-01  9.205625e-02  3.921433e-03
  2.349999e+00    2.349999e+00   1.289992e-01  9.233932e-02  3.916227e-03
  2.349999e+00    2.349999e+00   1.289992e-01  9.262240e-02  3.911039e-03
  2.349999e+00    2.349999e+00   1.289992e-01  9.290548e-02  3.905868e-03
  2.349999e+00    2.349999e+00   1.289992e-01  9.318855e-02  3.900713e-03
  2.349999e+00    2.349999e+00   1.289992e-01  9.347163e-02  3.895574e-03
  2.349999e+00    2.349999e+00   1.289992e-01  9.375470e-02  3.890453e-03
  2.349999e+00    2.349999e+00   1.289992e-01  9.403778e-02  3.885347e-03
  2.349999e+00    2.349999e+00   1.289992e-01  9.432086e-02  3.880259e-03
  2.349999e+00    2.349999e+00   1.289992e-01  9.460393e-02  3.875186e-03
  2.349999e+00    2.349999e+00   1.289992e-01  9.488701e-02  3.870130e-03
  2.349999e+00    2.349999e+00   1.289992e-01  9.517009e-02  3.865089e-03
  2.349999e+00    2.349999e+00   1.289992e-01  9.545316e-02  3.860065e-03
  2.349999e+00    2.349999e+00   1.289992e-01  9.573624e-02  3.855057e-03
  2.349999e+00    2.349999e+00   1.289992e-01  9.601931e-02  3.850065e-03
  2.349999e+00    2.349999e+00   1.289992e-01  9.630239e-02  3.845088e-03
  2.349999e+00    2.349999e+00   1.289992e-01  9.658547e-02  3.840128e-03
  2.349999e+00    2.349999e+00   1.289992e-01  9.686854e-02  3.835183e-03
  2.349999e+00    2.349999e+00   1.289992e-01  9.715162e-02  3.830253e-03
  2.349999e+00    2.349999e+00   1.289992e-01  9.743469e-02  3.825339e-03
  2.349999e+00    2.349999e+00   1.289992e-01  9.771777e-02  3.820441e-03
  2.349999e+00    2.349999e+00   1.289992e-01  9.800085e-02  3.815558e-03
  2.349999e+00    2.349999e+00   1.289992e-01  9.828392e-02  3.810690e-03
  2.349999e+00    2.349999e+00   1.289992e-01  9.856700e-02  3.805837e-03
  2.349999e+00    2.349999e+00   1.289992e-01  9.885007e-02  3.801000e-03
  2.349999e+00    2.349999e+00   1.289992e-01  9.913315e-02  3.796178e-03
  2.349999e+00    2.349999e+00   1.289992e-01  9.941623e-02  3.791370e-03
  2.349999e+00    2.349999e+00   1.289992e-01  9.969930e-02  3.786578e-03
  2.349999e+00    2.349999e+00   1.289992e-01  9.998238e-02  3.781800e-03
  2.349999e+00    2.349999e+00   1.289992e-01  1.002655e-01  3.777038e-03
  2.349999e+00    2.349999e+00   1.289992e-01  1.005485e-01  3.772290e-03
  2.349999e+00    2.349999e+00   1.289992e-01  1.008316e-01  3.767556e-03
  2.349999e+00    2.349999e+00   1.289992e-01  1.011147e-01  3.762838e-03
  2.349999e+00    2.349999e+00   1.289992e-01  1.013978e-01  3.758133e-03
  2.349999e+00    2.349999e+00   1.289992e-01  1.016808e-01  3.753444e-03
  2.349999e+00    2.349999e+00   1.289992e-01  1.019639e-01  3.748768e-03
  2.349999e+00    2.349999e+00   1.289992e-01  1.022470e-01  3.744107e-03
  2.349999e+00    2.349999e+00   1.289992e-01  1.025301e-01  3.739460e-03
  2.349999e+00    2.349999e+00   1.289992e-01  1.028131e-01  3.734828e-03
  2.349999e+00    2.349999e+00   1.289992e-01  1.030962e-01  3.730209e-03
  2.349999e+00    2.349999e+00   1.289992e-01  1.033793e-01  3.725605e-03
  2.349999e+00    2.349999e+00   1.289992e-01  1.036624e-01  3.721014e-03
  2.349999e+00    2.349999e+00   1.289992e-01  1.039454e-01  3.716438e-03
  2.349999e+00    2.349999e+00   1.289992e-01  1.042285e-01  3.711875e-03
  2.349999e+00    2.349999e+00   1.289992e-01  1.045116e-01  3.707326e-03
  2.349999e+00    2.349999e+00   1.289992e-01  1.047947e-01  3.702791e-03
  2.349999e+00    2.349999e+00   1.289992e-01  1.050777e-01  3.698269e-03
  2.349999e+00    2.349999e+00   1.289992e-01  1.053608e-01  3.693762e-03
  2.349999e+00    2.349999e+00   1.289992e-01  1.056439e-01  3.689267e-03
  2.349999e+00    2.349999e+00   1.289992e-01  1.059270e-01  3.684786e-03
  2.349999e+00    2.349999e+00   1.289992e-01  1.062101e-01  3.680319e-03
  2.349999e+00    2.349999e+00   1.289992e-01  1.064931e-01  3.675865e-03
  2.349999e+00    2.349999e+00   1.289992e-01  1.067762e-01  3.671424e-03
  2.349999e+00    2.349999e+00   1.289992e-01  1.070593e-01  3.666996e-03
  2.349999e+00    2.349999e+00   1.289992e-01  1.073424e-01  3.662582e-03
  2.349999e+00    2.349999e+00   1.289992e-01  1.076254e-01  3.658180e-03
  2.349999e+00    2.349999e+00   1.289992e-01  1.079085e-01  3.653792e-03
  2.349999e+00    2.349999e+00   1.289992e-01  1.081916e-01  3.649417e-03
  2.349999e+00    2.349999e+00   1.289992e-01  1.084747e-01  3.645054e-03
  2.349999e+00    2.349999e+00   1.289992e-01  1.087577e-01  3.640705e-03
  2.349999e+00    2.349999e+00   1.289992e-01  1.090408e-01  3.636368e-03
  2.349999e+00    2.349999e+00   1.289992e-01  1.093239e-01  3.632044e-03
  2.349999e+00    2.349999e+00   1.289992e-01  1.096070e-01  3.627733e-03
  2.349999e+00    2.349999e+00   1.289992e-01  1.098900e-01  3.623434e-03
  2.349999e+00    2.349999e+00   1.289992e-01  1.101731e-01  3.619148e-03
  2.349999e+00    2.349999e+00   1.289992e-01  1.104562e-01  3.614875e-03
  2.349999e+00    2.349999e+00   1.289992e-01  1.107393e-01  3.610614e-03
  2.349999e+00    2.349999e+00   1.289992e-01  1.110223e-01  3.606365e-03
  2.349999e+00    2.349999e+00   1.289992e-01  1.113054e-01  3.602129e-03
  2.349999e+00    2.349999e+00   1.289992e-01  1.115885e-01  3.597905e-03
  2.349999e+00    2.349999e+00   1.289992e-01  1.118716e-01  3.593693e-03
  2.349999e+00    2.349999e+00   1.289992e-01  1.121546e-01  3.589493e-03
  2.349999e+00    2.349999e+00   1.289992e-01  1.124377e-01  3.585306e-03
  2.349999e+00    2.349999e+00   1.289992e-01  1.127208e-01  3.581131e-03
  2.349999e+00    2.349999e+00   1.289992e-01  1.130039e-01  3.576967e-03
  2.349999e+00    2.349999e+00   1.289992e-01  1.132870e-01  3.572816e-03
  2.349999e+00    2.349999e+00   1.289992e-01  1.135700e-01  3.568677e-03
  2.349999e+00    2.349999e+00   1.289992e-01  1.138531e-01  3.564549e-03
  2.349999e+00    2.349999e+00   1.289992e-01  1.141362e-01  3.560433e-03
  2.349999e+00    2.349999e+00   1.289992e-01  1.144193e-01  3.556329e-03
  2.349999e+00    2.349999e+00   1.289992e-01  1.147023e-01  3.552237e-03
  2.349999e+00    2.349999e+00   1.289992e-01  1.149854e-01  3.548156e-03
  2.349999e+00    2.349999e+00   1.289992e-01  1.152685e-01  3.544087e-03
  2.349999e+00    2.349999e+00   1.289992e-01  1.155516e-01  3.540030e-03
  2.349999e+00    2.349999e+00   1.289992e-01  1.158346e-01  3.535984e-03
  2.349999e+00    2.349999e+00   1.289992e-01  1.161177e-01  3.531950e-03
  2.349999e+00    2.349999e+00   1.289992e-01  1.164008e-01  3.527926e-03
  2.349999e+00    2.349999e+00   1.289992e-01  1.166839e-01  3.523915e-03
  2.349999e+00    2.349999e+00   1.289992e-01  1.169669e-01  3.519914e-03
  2.349999e+00    2.349999e+00   1.289992e-01  1.172500e-01  3.515925e-03
  2.349999e+00    2.349999e+00   1.289992e-01  1.175331e-01  3.511947e-03
  2.349999e+00    2.349999e+00   1.289992e-01  1.178162e-01  3.507980e-03
  2.349999e+00    2.349999e+00   1.289992e-01  1.180992e-01  3.504025e-03
  2.349999e+00    2.349999e+00   1.289992e-01  1.183823e-01  3.500080e-03
  2.349999e+00    2.349999e+00   1.289992e-01  1.186654e-01  3.496146e-03
  2.349999e+00    2.349999e+00   1.289992e-01  1.189485e-01  3.492224e-03
  2.349999e+00    2.349999e+00   1.289992e-01  1.192316e-01  3.488312e-03
  2.349999e+00    2.349999e+00   1.289992e-01  1.195146e-01  3.484411e-03
  2.349999e+00    2.349999e+00   1.289992e-01  1.197977e-01  3.480521e-03
  2.349999e+00    2.349999e+00   1.289992e-01  1.200808e-01  3.476641e-03
  2.349999e+00    2.349999e+00   1.289992e-01  1.203639e-01  3.472773e-03
  2.349999e+00    2.349999e+00   1.289992e-01  1.206469e-01  3.468915e-03
  2.349999e+00    2.349999e+00   1.289992e-01  1.209300e-01  3.465068e-03
  2.349999e+00    2.349999e+00   1.289992e-01  1.212131e-01  3.461231e-03
  2.349999e+00    2.349999e+00   1.289992e-01  1.214962e-01  3.457405e-03
  2.349999e+00    2.349999e+00   1.289992e-01  1.217792e-01  3.453589e-03
  2.349999e+00    2.349999e+00   1.289992e-01  1.220623e-01  3.449784e-03
  2.349999e+00    2.349999e+00   1.289992e-01  1.223454e-01  3.445989e-03
  2.349999e+00    2.349999e+00   1.289992e-01  1.226285e-01  3.442205e-03
  2.349999e+00    2.349999e+00   1.289992e-01  1.229115e-01  3.438431e-03
  2.349999e+00    2.349999e+00   1.289992e-01  1.231946e-01  3.434667e-03
  2.349999e+00    2.349999e+00   1.289992e-01  1.234777e-01  3.430913e-03
  2.349999e+00    2.349999e+00   1.289992e-01  1.237608e-01  3.427170e-03
  2.349999e+00    2.349999e+00   1.289992e-01  1.240438e-01  3.423437e-03
  2.349999e+00    2.349999e+00   1.289992e-01  1.243269e-01  3.419714e-03
  2.349999e+00    2.349999e+00   1.289992e-01  1.246100e-01  3.416001e-03
  2.349999e+00    2.349999e+00   1.289992e-01  1.248931e-01  3.412298e-03
  2.349999e+00    2.349999e+00   1.289992e-01  1.251761e-01  3.408605e-03
  2.349999e+00    2.349999e+00   1.289992e-01  1.254592e-01  3.404921e-03
  2.349999e+00    2.349999e+00   1.289992e-01  1.257423e-01  3.401248e-03
  2.349999e+00    2.349999e+00   1.289992e-01  1.260254e-01  3.397585e-03
  2.349999e+00    2.349999e+00   1.289992e-01  1.263085e-01  3.393931e-03
  2.349999e+00    2.349999e+00   1.289992e-01  1.265915e-01  3.390287e-03
  2.349999e+00    2.349999e+00   1.289992e-01  1.268746e-01  3.386653e-03
  2.349999e+00    2.349999e+00   1.289992e-01  1.271577e-01  3.383029e-03
  2.349999e+00    2.349999e+00   1.289992e-01  1.274408e-01  3.379414e-03
  2.349999e+00    2.349999e+00   1.289992e-01  1.277238e-01  3.375809e-03
  2.349999e+00    2.349999e+00   1.289992e-01  1.280069e-01  3.372213e-03
  2.349999e+00    2.349999e+00   1.289992e-01  1.282900e-01  3.368627e-03
  2.349999e+00    2.349999e+00   1.289992e-01  1.285731e-01  3.365051e-03
  2.349999e+00    2.349999e+00   1.289992e-01  1.288561e-01  3.361484e-03
  2.349999e+00    2.349999e+00   1.289992e-01  1.291392e-01  3.357926e-03
  2.349999e+00    2.349999e+00   1.289992e-01  1.294223e-01  3.354378e-03
  2.349999e+00    2.349999e+00   1.289992e-01  1.297054e-01  3.350839e-03
  2.349999e+00    2.349999e+00   1.289992e-01  1.299884e-01  3.347309e-03
  2.349999e+00    2.349999e+00   1.289992e-01  1.302715e-01  3.343788e-03
  2.349999e+00    2.349999e+00   1.289992e-01  1.305546e-01  3.340277e-03
  2.349999e+00    2.349999e+00   1.289992e-01  1.308377e-01  3.336775e-03
  2.349999e+00    2.349999e+00   1.289992e-01  1.311207e-01  3.333282e-03
  2.349999e+00    2.349999e+00   1.289992e-01  1.314038e-01  3.329798e-03
  2.349999e+00    2.349999e+00   1.289992e-01  1.316869e-01  3.326324e-03
  2.349999e+00    2.349999e+00   1.289992e-01  1.319700e-01  3.322858e-03
  2.349999e+00    2.349999e+00   1.289992e-01  1.322531e-01  3.319401e-03
  2.349999e+00    2.349999e+00   1.289992e-01  1.325361e-01  3.315953e-03
  2.349999e+00    2.349999e+00   1.289992e-01  1.328192e-01  3.312514e-03
  2.349999e+00    2.349999e+00   1.289992e-01  1.331023e-01  3.309085e-03
  2.349999e+00    2.349999e+00   1.289992e-01  1.333854e-01  3.305663e-03
  2.349999e+00    2.349999e+00   1.289992e-01  1.336684e-01  3.302251e-03
  2.349999e+00    2.349999e+00   1.289992e-01  1.339515e-01  3.298848e-03
  2.349999e+00    2.349999e+00   1.289992e-01  1.342346e-01  3.295453e-03
  2.349999e+00    2.349999e+00   1.289992e-01  1.345177e-01  3.292067e-03
  2.349999e+00    2.349999e+00   1.289992e-01  1.348007e-01  3.288689e-03
  2.349999e+00    2.349999e+00   1.289992e-01  1.350838e-01  3.285320e-03
  2.349999e+00    2.349999e+00   1.289992e-01  1.353669e-01  3.281960e-03
  2.349999e+00    2.349999e+00   1.289992e-01  1.356500e-01  3.278609e-03
  2.349999e+00    2.349999e+00   1.289992e-01  1.359330e-01  3.275266e-03
  2.349999e+00    2.349999e+00   1.289992e-01  1.362161e-01  3.271931e-03
  2.349999e+00    2.349999e+00   1.289992e-01  1.364992e-01  3.268605e-03
  2.349999e+00    2.349999e+00   1.289992e-01  1.367823e-01  3.265287e-03
  2.349999e+00    2.349999e+00   1.289992e-01  1.370653e-01  3.261978e-03
  2.349999e+00    2.349999e+00   1.289992e-01  1.373484e-01  3.258677e-03
  2.349999e+00    2.349999e+00   1.289992e-01  1.376315e-01  3.255384e-03
  2.349999e+00    2.349999e+00   1.289992e-01  1.379146e-01  3.252100e-03
  2.349999e+00    2.349999e+00   1.289992e-01  1.381976e-01  3.248824e-03
  2.349999e+00    2.349999e+00   1.289992e-01  1.384807e-01  3.245556e-03
  2.349999e+00    2.349999e+00   1.289992e-01  1.387638e-01  3.242297e-03
  2.349999e+00    2.349999e+00   1.289992e-01  1.390469e-01  3.239045e-03
  2.349999e+00    2.349999e+00   1.289992e-01  1.393300e-01  3.235802e-03
  2.349999e+00    2.349999e+00   1.289992e-01  1.396130e-01  3.232567e-03
  2.349999e+00    2.349999e+00   1.289992e-01  1.398961e-01  3.229340e-03
  2.349999e+00    2.349999e+00   1.289992e-01  1.401792e-01  3.226121e-03
  2.349999e+00    2.349999e+00   1.289992e-01  1.404623e-01  3.222909e-03
  2.349999e+00    2.349999e+00   1.289992e-01  1.407453e-01  3.219706e-03
  2.349999e+00    2.349999e+00   1.289992e-01  1.410284e-01  3.216511e-03
  2.349999e+00    2.349999e+00   1.289992e-01  1.413115e-01  3.213324e-03
