  4.2742938848e-03  1.1802737345e-57  7.4857479768e-63  
  8.5485877697e-03  1.1804244631e-57  7.4868594196e-63  
  1.2822881655e-02  1.1806756847e-57  7.4887119134e-63  
  1.7097175539e-02  1.1810274105e-57  7.4913055921e-63  
  2.1371469424e-02  1.1814796563e-57  7.4946406429e-63  
  2.5645763309e-02  1.1820324420e-57  7.4987173068e-63  
  2.9920057194e-02  1.1826857921e-57  7.5035358784e-63  
  3.4194351079e-02  1.1834397358e-57  7.5090967059e-63  
  3.8468644964e-02  1.1842943064e-57  7.5154001913e-63  
  4.2742938848e-02  1.1852495420e-57  7.5224467904e-63  
  4.7017232733e-02  1.1863054850e-57  7.5302370130e-63  
  5.1291526618e-02  1.1874621824e-57  7.5387714228e-63  
  5.5565820503e-02  1.1887196855e-57  7.5480506376e-63  
  5.9840114388e-02  1.1900780504e-57  7.5580753295e-63  
  6.4114408273e-02  1.1915373374e-57  7.5688462250e-63  
  6.8388702157e-02  1.1930976115e-57  7.5803641049e-63  
  7.2662996042e-02  1.1947589423e-57  7.5926298048e-63  
  7.6937289927e-02  1.1965214038e-57  7.6056442150e-63  
  8.1211583812e-02  1.1983850746e-57  7.6194082807e-63  
  8.5485877697e-02  1.2003500377e-57  7.6339230025e-63  
  8.9760171582e-02  1.2024163811e-57  7.6491894360e-63  
  9.4034465467e-02  1.2045841968e-57  7.6652086924e-63  
  9.8308759351e-02  1.2068535819e-57  7.6819819388e-63  
  1.0258305324e-01  1.2092246378e-57  7.6995103980e-63  
  1.0685734712e-01  1.2116974706e-57  7.7177953491e-63  
  1.1113164101e-01  1.2142721912e-57  7.7368381277e-63  
  1.1540593489e-01  1.2169489150e-57  7.7566401258e-63  
  1.1968022878e-01  1.2197277620e-57  7.7772027925e-63  
  1.2395452266e-01  1.2226088571e-57  7.7985276342e-63  
  1.2822881655e-01  1.2255923296e-57  7.8206162145e-63  
  1.3250311043e-01  1.2286783139e-57  7.8434701551e-63  
  1.3677740431e-01  1.2318669488e-57  7.8670911355e-63  
  1.4105169820e-01  1.2351583781e-57  7.8914808938e-63  
  1.4532599208e-01  1.2385527502e-57  7.9166412268e-63  
  1.4960028597e-01  1.2420502185e-57  7.9425739902e-63  
  1.5387457985e-01  1.2456509410e-57  7.9692810994e-63  
  1.5814887374e-01  1.2493550807e-57  7.9967645294e-63  
  1.6242316762e-01  1.2531628054e-57  8.0250263155e-63  
  1.6669746151e-01  1.2570742878e-57  8.0540685534e-63  
  1.7097175539e-01  1.2610897056e-57  8.0838933998e-63  
  1.7524604928e-01  1.2652092413e-57  8.1145030730e-63  
  1.7952034316e-01  1.2694330825e-57  8.1458998528e-63  
  1.8379463705e-01  1.2737614216e-57  8.1780860813e-63  
  1.8806893093e-01  1.2781944563e-57  8.2110641635e-63  
  1.9234322482e-01  1.2827323891e-57  8.2448365673e-63  
  1.9661751870e-01  1.2873754277e-57  8.2794058244e-63  
  2.0089181259e-01  1.2921237849e-57  8.3147745304e-63  
  2.0516610647e-01  1.2969776785e-57  8.3509453458e-63  
  2.0944040036e-01  1.3019373317e-57  8.3879209961e-63  
  2.1371469424e-01  1.3070029728e-57  8.4257042724e-63  
  2.1798898813e-01  1.3121748353e-57  8.4642980322e-63  
  2.2226328201e-01  1.3174531578e-57  8.5037051996e-63  
  2.2653757590e-01  1.3228381846e-57  8.5439287662e-63  
  2.3081186978e-01  1.3283301651e-57  8.5849717915e-63  
  2.3508616367e-01  1.3339293539e-57  8.6268374034e-63  
  2.3936045755e-01  1.3396360113e-57  8.6695287991e-63  
  2.4363475144e-01  1.3454504030e-57  8.7130492456e-63  
  2.4790904532e-01  1.3513727999e-57  8.7574020802e-63  
  2.5218333921e-01  1.3574034789e-57  8.8025907115e-63  
  2.5645763309e-01  1.3635427220e-57  8.8486186197e-63  
  2.6073192698e-01  1.3697908171e-57  8.8954893576e-63  
  2.6500622086e-01  1.3761480576e-57  8.9432065510e-63  
  2.6928051475e-01  1.3826147427e-57  8.9917738999e-63  
  2.7355480863e-01  1.3891911771e-57  9.0411951787e-63  
  2.7782910251e-01  1.3958776716e-57  9.0914742374e-63  
  2.8210339640e-01  1.4026745426e-57  9.1426150020e-63  
  2.8637769028e-01  1.4095821123e-57  9.1946214757e-63  
  2.9065198417e-01  1.4166007091e-57  9.2474977393e-63  
  2.9492627805e-01  1.4237306672e-57  9.3012479525e-63  
  2.9920057194e-01  1.4309723267e-57  9.3558763542e-63  
  3.0347486582e-01  1.4383260339e-57  9.4113872639e-63  
  3.0774915971e-01  1.4457921413e-57  9.4677850821e-63  
  3.1202345359e-01  1.4533710072e-57  9.5250742918e-63  
  3.1629774748e-01  1.4610629966e-57  9.5832594586e-63  
  3.2057204136e-01  1.4688684804e-57  9.6423452326e-63  
  3.2484633525e-01  1.4767878360e-57  9.7023363487e-63  
  3.2912062913e-01  1.4848214472e-57  9.7632376276e-63  
  3.3339492302e-01  1.4929697041e-57  9.8250539772e-63  
  3.3766921690e-01  1.5012330034e-57  9.8877903934e-63  
  3.4194351079e-01  1.5096117484e-57  9.9514519612e-63  
  3.4621780467e-01  1.5181063490e-57  1.0016043856e-62  
  3.5049209856e-01  1.5267172216e-57  1.0081571343e-62  
  3.5476639244e-01  1.5354447896e-57  1.0148039782e-62  
  3.5904068633e-01  1.5442894830e-57  1.0215454625e-62  
  3.6331498021e-01  1.5532517389e-57  1.0283821418e-62  
  3.6758927410e-01  1.5623320012e-57  1.0353145805e-62  
  3.7186356798e-01  1.5715307207e-57  1.0423433525e-62  
  3.7613786187e-01  1.5808483555e-57  1.0494690417e-62  
  3.8041215575e-01  1.5902853707e-57  1.0566922417e-62  
  3.8468644964e-01  1.5998422388e-57  1.0640135565e-62  
  3.8896074352e-01  1.6095194392e-57  1.0714336001e-62  
  3.9323503741e-01  1.6193174592e-57  1.0789529970e-62  
  3.9750933129e-01  1.6292367930e-57  1.0865723821e-62  
  4.0178362518e-01  1.6392779428e-57  1.0942924009e-62  
  4.0605791906e-01  1.6494414180e-57  1.1021137098e-62  
  4.1033221294e-01  1.6597277360e-57  1.1100369760e-62  
  4.1460650683e-01  1.6701374218e-57  1.1180628778e-62  
  4.1888080071e-01  1.6806710081e-57  1.1261921049e-62  
  4.2315509460e-01  1.6913290358e-57  1.1344253580e-62  
  4.2742938848e-01  1.7021120537e-57  1.1427633496e-62  
  4.3170368237e-01  1.7130206185e-57  1.1512068039e-62  
  4.3597797625e-01  1.7240552954e-57  1.1597564570e-62  
  4.4025227014e-01  1.7352166577e-57  1.1684130567e-62  
  4.4452656402e-01  1.7465052871e-57  1.1771773635e-62  
  4.4880085791e-01  1.7579217737e-57  1.1860501499e-62  
  4.5307515179e-01  1.7694667163e-57  1.1950322010e-62  
  4.5734944568e-01  1.7811407221e-57  1.2041243148e-62  
  4.6162373956e-01  1.7929444073e-57  1.2133273021e-62  
  4.6589803345e-01  1.8048783967e-57  1.2226419869e-62  
  4.7017232733e-01  1.8169433244e-57  1.2320692064e-62  
  4.7444662122e-01  1.8291398332e-57  1.2416098113e-62  
  4.7872091510e-01  1.8414685751e-57  1.2512646662e-62  
  4.8299520899e-01  1.8539302116e-57  1.2610346494e-62  
  4.8726950287e-01  1.8665254134e-57  1.2709206534e-62  
  4.9154379676e-01  1.8792548606e-57  1.2809235850e-62  
  4.9581809064e-01  1.8921192431e-57  1.2910443656e-62  
  5.0009238453e-01  1.9051192603e-57  1.3012839315e-62  
  5.0436667841e-01  1.9182556215e-57  1.3116432337e-62  
  5.0864097230e-01  1.9315290461e-57  1.3221232386e-62  
  5.1291526618e-01  1.9449402633e-57  1.3327249283e-62  
  5.1718956007e-01  1.9584900126e-57  1.3434493002e-62  
  5.2146385395e-01  1.9721790438e-57  1.3542973680e-62  
  5.2573814784e-01  1.9860081173e-57  1.3652701614e-62  
  5.3001244172e-01  1.9999780037e-57  1.3763687267e-62  
  5.3428673561e-01  2.0140894846e-57  1.3875941269e-62  
  5.3856102949e-01  2.0283433523e-57  1.3989474420e-62  
  5.4283532337e-01  2.0427404101e-57  1.4104297693e-62  
  5.4710961726e-01  2.0572814724e-57  1.4220422237e-62  
  5.5138391114e-01  2.0719673649e-57  1.4337859378e-62  
  5.5565820503e-01  2.0867989244e-57  1.4456620626e-62  
  5.5993249891e-01  2.1017769996e-57  1.4576717671e-62  
  5.6420679280e-01  2.1169024507e-57  1.4698162396e-62  
  5.6848108668e-01  2.1321761497e-57  1.4820966870e-62  
  5.7275538057e-01  2.1475989806e-57  1.4945143357e-62  
  5.7702967445e-01  2.1631718397e-57  1.5070704319e-62  
  5.8130396834e-01  2.1788956352e-57  1.5197662417e-62  
  5.8557826222e-01  2.1947712882e-57  1.5326030515e-62  
  5.8985255611e-01  2.2107997322e-57  1.5455821686e-62  
  5.9412684999e-01  2.2269819133e-57  1.5587049213e-62  
  5.9840114388e-01  2.2433187910e-57  1.5719726590e-62  
  6.0267543776e-01  2.2598113375e-57  1.5853867534e-62  
  6.0694973165e-01  2.2764605386e-57  1.5989485979e-62  
  6.1122402553e-01  2.2932673933e-57  1.6126596087e-62  
  6.1549831942e-01  2.3102329146e-57  1.6265212248e-62  
  6.1977261330e-01  2.3273581289e-57  1.6405349087e-62  
  6.2404690719e-01  2.3446440771e-57  1.6547021464e-62  
  6.2832120107e-01  2.3620918140e-57  1.6690244481e-62  
  6.3259549496e-01  2.3797024090e-57  1.6835033488e-62  
  6.3686978884e-01  2.3974769459e-57  1.6981404083e-62  
  6.4114408273e-01  2.4154165236e-57  1.7129372118e-62  
  6.4541837661e-01  2.4335222558e-57  1.7278953706e-62  
  6.4969267050e-01  2.4517952715e-57  1.7430165224e-62  
  6.5396696438e-01  2.4702367152e-57  1.7583023315e-62  
  6.5824125827e-01  2.4888477470e-57  1.7737544898e-62  
  6.6251555215e-01  2.5076295428e-57  1.7893747168e-62  
  6.6678984604e-01  2.5265832948e-57  1.8051647606e-62  
  6.7106413992e-01  2.5457102113e-57  1.8211263979e-62  
  6.7533843380e-01  2.5650115174e-57  1.8372614350e-62  
  6.7961272769e-01  2.5844884547e-57  1.8535717080e-62  
  6.8388702157e-01  2.6041422822e-57  1.8700590835e-62  
  6.8816131546e-01  2.6239742759e-57  1.8867254592e-62  
  6.9243560934e-01  2.6439857294e-57  1.9035727644e-62  
  6.9670990323e-01  2.6641779541e-57  1.9206029606e-62  
  7.0098419711e-01  2.6845522794e-57  1.9378180422e-62  
  7.0525849100e-01  2.7051100532e-57  1.9552200369e-62  
  7.0953278488e-01  2.7258526417e-57  1.9728110066e-62  
  7.1380707877e-01  2.7467814301e-57  1.9905930480e-62  
  7.1808137265e-01  2.7678978226e-57  2.0085682929e-62  
  7.2235566654e-01  2.7892032430e-57  2.0267389094e-62  
  7.2662996042e-01  2.8106991346e-57  2.0451071024e-62  
  7.3090425431e-01  2.8323869607e-57  2.0636751140e-62  
  7.3517854819e-01  2.8542682050e-57  2.0824452249e-62  
  7.3945284208e-01  2.8763443717e-57  2.1014197543e-62  
  7.4372713596e-01  2.8986169859e-57  2.1206010615e-62  
  7.4800142985e-01  2.9210875939e-57  2.1399915459e-62  
  7.5227572373e-01  2.9437577634e-57  2.1595936484e-62  
  7.5655001762e-01  2.9666290843e-57  2.1794098520e-62  
  7.6082431150e-01  2.9897031683e-57  2.1994426825e-62  
  7.6509860539e-01  3.0129816498e-57  2.2196947096e-62  
  7.6937289927e-01  3.0364661860e-57  2.2401685476e-62  
  7.7364719316e-01  3.0601584575e-57  2.2608668563e-62  
  7.7792148704e-01  3.0840601682e-57  2.2817923419e-62  
  7.8219578093e-01  3.1081730462e-57  2.3029477583e-62  
  7.8647007481e-01  3.1324988436e-57  2.3243359074e-62  
  7.9074436870e-01  3.1570393375e-57  2.3459596406e-62  
  7.9501866258e-01  3.1817963299e-57  2.3678218598e-62  
  7.9929295647e-01  3.2067716483e-57  2.3899255180e-62  
  8.0356725035e-01  3.2319671461e-57  2.4122736209e-62  
  8.0784154424e-01  3.2573847028e-57  2.4348692276e-62  
  8.1211583812e-01  3.2830262248e-57  2.4577154519e-62  
  8.1639013200e-01  3.3088936456e-57  2.4808154632e-62  
  8.2066442589e-01  3.3349889260e-57  2.5041724881e-62  
  8.2493871977e-01  3.3613140552e-57  2.5277898113e-62  
  8.2921301366e-01  3.3878710503e-57  2.5516707766e-62  
  8.3348730754e-01  3.4146619577e-57  2.5758187888e-62  
  8.3776160143e-01  3.4416888529e-57  2.6002373144e-62  
  8.4203589531e-01  3.4689538415e-57  2.6249298831e-62  
  8.4631018920e-01  3.4964590590e-57  2.6499000893e-62  
  8.5058448308e-01  3.5242066721e-57  2.6751515932e-62  
  8.5485877697e-01  3.5521988786e-57  2.7006881226e-62  
  8.5913307085e-01  3.5804379081e-57  2.7265134740e-62  
  8.6340736474e-01  3.6089260226e-57  2.7526315144e-62  
  8.6768165862e-01  3.6376655169e-57  2.7790461824e-62  
  8.7195595251e-01  3.6666587194e-57  2.8057614904e-62  
  8.7623024639e-01  3.6959079920e-57  2.8327815255e-62  
  8.8050454028e-01  3.7254157318e-57  2.8601104519e-62  
  8.8477883416e-01  3.7551843704e-57  2.8877525121e-62  
  8.8905312805e-01  3.7852163754e-57  2.9157120285e-62  
  8.9332742193e-01  3.8155142506e-57  2.9439934059e-62  
  8.9760171582e-01  3.8460805368e-57  2.9726011326e-62  
  9.0187600970e-01  3.8769178122e-57  3.0015397827e-62  
  9.0615030359e-01  3.9080286932e-57  3.0308140179e-62  
  9.1042459747e-01  3.9394158351e-57  3.0604285895e-62  
  9.1469889136e-01  3.9710819324e-57  3.0903883406e-62  
  9.1897318524e-01  4.0030297200e-57  3.1206982077e-62  
  9.2324747913e-01  4.0352619736e-57  3.1513632237e-62  
  9.2752177301e-01  4.0677815103e-57  3.1823885192e-62  
  9.3179606690e-01  4.1005911896e-57  3.2137793253e-62  
  9.3607036078e-01  4.1336939140e-57  3.2455409759e-62  
  9.4034465467e-01  4.1670926295e-57  3.2776789100e-62  
  9.4461894855e-01  4.2007903268e-57  3.3101986742e-62  
  9.4889324243e-01  4.2347900418e-57  3.3431059252e-62  
  9.5316753632e-01  4.2690948565e-57  3.3764064322e-62  
  9.5744183020e-01  4.3037078998e-57  3.4101060802e-62  
  9.6171612409e-01  4.3386323481e-57  3.4442108720e-62  
  9.6599041797e-01  4.3738714266e-57  3.4787269316e-62  
  9.7026471186e-01  4.4094284098e-57  3.5136605066e-62  
  9.7453900574e-01  4.4453066224e-57  3.5490179718e-62  
  9.7881329963e-01  4.4815094404e-57  3.5848058317e-62  
  9.8308759351e-01  4.5180402920e-57  3.6210307239e-62  
  9.8736188740e-01  4.5549026581e-57  3.6576994225e-62  
  9.9163618128e-01  4.5921000740e-57  3.6948188410e-62  
  9.9591047517e-01  4.6296361298e-57  3.7323960364e-62  
  1.0001847691e+00  4.6675144715e-57  3.7704382121e-62  
  1.0044590629e+00  4.7057388021e-57  3.8089527219e-62  
  1.0087333568e+00  4.7443128828e-57  3.8479470737e-62  
  1.0130076507e+00  4.7832405338e-57  3.8874289333e-62  
  1.0172819446e+00  4.8225256354e-57  3.9274061283e-62  
  1.0215562385e+00  4.8621721294e-57  3.9678866524e-62  
  1.0258305324e+00  4.9021840199e-57  4.0088786696e-62  
  1.0301048262e+00  4.9425653746e-57  4.0503905182e-62  
  1.0343791201e+00  4.9833203260e-57  4.0924307156e-62  
  1.0386534140e+00  5.0244530726e-57  4.1350079629e-62  
  1.0429277079e+00  5.0659678802e-57  4.1781311495e-62  
  1.0472020018e+00  5.1078690829e-57  4.2218093581e-62  
  1.0514762957e+00  5.1501610848e-57  4.2660518696e-62  
  1.0557505896e+00  5.1928483609e-57  4.3108681684e-62  
  1.0600248834e+00  5.2359354590e-57  4.3562679476e-62  
  1.0642991773e+00  5.2794270004e-57  4.4022611150e-62  
  1.0685734712e+00  5.3233276817e-57  4.4488577979e-62  
  1.0728477651e+00  5.3676422765e-57  4.4960683500e-62  
  1.0771220590e+00  5.4123756363e-57  4.5439033565e-62  
  1.0813963529e+00  5.4575326923e-57  4.5923736411e-62  
  1.0856706467e+00  5.5031184571e-57  4.6414902718e-62  
  1.0899449406e+00  5.5491380260e-57  4.6912645682e-62  
  1.0942192345e+00  5.5955965788e-57  4.7417081077e-62  
  1.0984935284e+00  5.6424993813e-57  4.7928327329e-62  
  1.1027678223e+00  5.6898517871e-57  4.8446505590e-62  
  1.1070421162e+00  5.7376592395e-57  4.8971739810e-62  
  1.1113164101e+00  5.7859272728e-57  4.9504156819e-62  
  1.1155907039e+00  5.8346615146e-57  5.0043886403e-62  
  1.1198649978e+00  5.8838676875e-57  5.0591061390e-62  
  1.1241392917e+00  5.9335516106e-57  5.1145817733e-62  
  1.1284135856e+00  5.9837192022e-57  5.1708294603e-62  
  1.1326878795e+00  6.0343764812e-57  5.2278634475e-62  
  1.1369621734e+00  6.0855295693e-57  5.2856983226e-62  
  1.1412364673e+00  6.1371846932e-57  5.3443490232e-62  
  1.1455107611e+00  6.1893481865e-57  5.4038308469e-62  
  1.1497850550e+00  6.2420264921e-57  5.4641594616e-62  
  1.1540593489e+00  6.2952261645e-57  5.5253509165e-62  
  1.1583336428e+00  6.3489538716e-57  5.5874216531e-62  
  1.1626079367e+00  6.4032163976e-57  5.6503885169e-62  
  1.1668822306e+00  6.4580206454e-57  5.7142687692e-62  
  1.1711565244e+00  6.5133736384e-57  5.7790800996e-62  
  1.1754308183e+00  6.5692825239e-57  5.8448406387e-62  
  1.1797051122e+00  6.6257545750e-57  5.9115689713e-62  
  1.1839794061e+00  6.6827971937e-57  5.9792841502e-62  
  1.1882537000e+00  6.7404179131e-57  6.0480057105e-62  
  1.1925279939e+00  6.7986244009e-57  6.1177536840e-62  
  1.1968022878e+00  6.8574244616e-57  6.1885486146e-62  
  1.2010765816e+00  6.9168260397e-57  6.2604115743e-62  
  1.2053508755e+00  6.9768372226e-57  6.3333641789e-62  
  1.2096251694e+00  7.0374662439e-57  6.4074286057e-62  
  1.2138994633e+00  7.0987214862e-57  6.4826276107e-62  
  1.2181737572e+00  7.1606114844e-57  6.5589845465e-62  
  1.2224480511e+00  7.2231449293e-57  6.6365233819e-62  
  1.2267223449e+00  7.2863306707e-57  6.7152687206e-62  
  1.2309966388e+00  7.3501777208e-57  6.7952458225e-62  
  1.2352709327e+00  7.4146952582e-57  6.8764806236e-62  
  1.2395452266e+00  7.4798926310e-57  6.9589997591e-62  
  1.2438195205e+00  7.5457793608e-57  7.0428305850e-62  
  1.2480938144e+00  7.6123651468e-57  7.1280012025e-62  
  1.2523681083e+00  7.6796598693e-57  7.2145404817e-62  
  1.2566424021e+00  7.7476735941e-57  7.3024780877e-62  
  1.2609166960e+00  7.8164165762e-57  7.3918445065e-62  
  1.2651909899e+00  7.8858992647e-57  7.4826710726e-62  
  1.2694652838e+00  7.9561323066e-57  7.5749899976e-62  
  1.2737395777e+00  8.0271265518e-57  7.6688343995e-62  
  1.2780138716e+00  8.0988930572e-57  7.7642383337e-62  
  1.2822881655e+00  8.1714430918e-57  7.8612368249e-62  
  1.2865624593e+00  8.2447881412e-57  7.9598659005e-62  
  1.2908367532e+00  8.3189399132e-57  8.0601626252e-62  
  1.2951110471e+00  8.3939103423e-57  8.1621651369e-62  
  1.2993853410e+00  8.4697115952e-57  8.2659126844e-62  
  1.3036596349e+00  8.5463560762e-57  8.3714456662e-62  
  1.3079339288e+00  8.6238564329e-57  8.4788056716e-62  
  1.3122082226e+00  8.7022255618e-57  8.5880355224e-62  
  1.3164825165e+00  8.7814766138e-57  8.6991793174e-62  
  1.3207568104e+00  8.8616230009e-57  8.8122824784e-62  
  1.3250311043e+00  8.9426784020e-57  8.9273917979e-62  
  1.3293053982e+00  9.0246567690e-57  9.0445554891e-62  
  1.3335796921e+00  9.1075723339e-57  9.1638232380e-62  
  1.3378539860e+00  9.1914396154e-57  9.2852462576e-62  
  1.3421282798e+00  9.2762734252e-57  9.4088773447e-62  
  1.3464025737e+00  9.3620888760e-57  9.5347709389e-62  
  1.3506768676e+00  9.4489013882e-57  9.6629831842e-62  
  1.3549511615e+00  9.5367266975e-57  9.7935719938e-62  
  1.3592254554e+00  9.6255808630e-57  9.9265971169e-62  
  1.3634997493e+00  9.7154802746e-57  1.0062120209e-61  
  1.3677740431e+00  9.8064416616e-57  1.0200204907e-61  
  1.3720483370e+00  9.8984821008e-57  1.0340916902e-61  
  1.3763226309e+00  9.9916190254e-57  1.0484324025e-61  
  1.3805969248e+00  1.0085870234e-56  1.0630496325e-61  
  1.3848712187e+00  1.0181253899e-56  1.0779506161e-61  
  1.3891455126e+00  1.0277788577e-56  1.0931428293e-61  
  1.3934198065e+00  1.0375493219e-56  1.1086339978e-61  
  1.3976941003e+00  1.0474387179e-56  1.1244321068e-61  
  1.4019683942e+00  1.0574490223e-56  1.1405454120e-61  
  1.4062426881e+00  1.0675822544e-56  1.1569824503e-61  
  1.4105169820e+00  1.0778404769e-56  1.1737520517e-61  
  1.4147912759e+00  1.0882257973e-56  1.1908633509e-61  
  1.4190655698e+00  1.0987403687e-56  1.2083258005e-61  
  1.4233398637e+00  1.1093863915e-56  1.2261491844e-61  
  1.4276141575e+00  1.1201661140e-56  1.2443436313e-61  
  1.4318884514e+00  1.1310818344e-56  1.2629196298e-61  
  1.4361627453e+00  1.1421359015e-56  1.2818880437e-61  
  1.4404370392e+00  1.1533307162e-56  1.3012601284e-61  
  1.4447113331e+00  1.1646687332e-56  1.3210475474e-61  
  1.4489856270e+00  1.1761524620e-56  1.3412623910e-61  
  1.4532599208e+00  1.1877844686e-56  1.3619171942e-61  
  1.4575342147e+00  1.1995673771e-56  1.3830249574e-61  
  1.4618085086e+00  1.2115038711e-56  1.4045991666e-61  
  1.4660828025e+00  1.2235966953e-56  1.4266538153e-61  
  1.4703570964e+00  1.2358486575e-56  1.4492034282e-61  
  1.4746313903e+00  1.2482626298e-56  1.4722630848e-61  
  1.4789056842e+00  1.2608415508e-56  1.4958484453e-61  
  1.4831799780e+00  1.2735884274e-56  1.5199757777e-61  
  1.4874542719e+00  1.2865063364e-56  1.5446619862e-61  
  1.4917285658e+00  1.2995984269e-56  1.5699246410e-61  
  1.4960028597e+00  1.3128679219e-56  1.5957820105e-61  
  1.5002771536e+00  1.3263181206e-56  1.6222530941e-61  
  1.5045514475e+00  1.3399524007e-56  1.6493576583e-61  
  1.5088257413e+00  1.3537742202e-56  1.6771162733e-61  
  1.5131000352e+00  1.3677871202e-56  1.7055503531e-61  
  1.5173743291e+00  1.3819947269e-56  1.7346821970e-61  
  1.5216486230e+00  1.3964007544e-56  1.7645350337e-61  
  1.5259229169e+00  1.4110090068e-56  1.7951330680e-61  
  1.5301972108e+00  1.4258233813e-56  1.8265015309e-61  
  1.5344715047e+00  1.4408478706e-56  1.8586667313e-61  
  1.5387457985e+00  1.4560865658e-56  1.8916561120e-61  
  1.5430200924e+00  1.4715436593e-56  1.9254983089e-61  
  1.5472943863e+00  1.4872234478e-56  1.9602232131e-61  
  1.5515686802e+00  1.5031303357e-56  1.9958620377e-61  
  1.5558429741e+00  1.5192688377e-56  2.0324473880e-61  
  1.5601172680e+00  1.5356435826e-56  2.0700133369e-61  
  1.5643915619e+00  1.5522593168e-56  2.1085955043e-61  
  1.5686658557e+00  1.5691209074e-56  2.1482311418e-61  
  1.5729401496e+00  1.5862333465e-56  2.1889592231e-61  
  1.5772144435e+00  1.6036017545e-56  2.2308205401e-61  
  1.5814887374e+00  1.6212313843e-56  2.2738578048e-61  
  1.5857630313e+00  1.6391276255e-56  2.3181157590e-61  
  1.5900373252e+00  1.6572960084e-56  2.3636412900e-61  
  1.5943116190e+00  1.6757422088e-56  2.4104835553e-61  
  1.5985859129e+00  1.6944720520e-56  2.4586941147e-61  
  1.6028602068e+00  1.7134915180e-56  2.5083270722e-61  
  1.6071345007e+00  1.7328067463e-56  2.5594392273e-61  
  1.6114087946e+00  1.7524240408e-56  2.6120902370e-61  
  1.6156830885e+00  1.7723498753e-56  2.6663427893e-61  
  1.6199573824e+00  1.7925908989e-56  2.7222627883e-61  
  1.6242316762e+00  1.8131539416e-56  2.7799195541e-61  
  1.6285059701e+00  1.8340460204e-56  2.8393860352e-61  
  1.6327802640e+00  1.8552743451e-56  2.9007390383e-61  
  1.6370545579e+00  1.8768463249e-56  2.9640594739e-61  
  1.6413288518e+00  1.8987695750e-56  3.0294326203e-61  
  1.6456031457e+00  1.9210519232e-56  3.0969484083e-61  
  1.6498774395e+00  1.9437014172e-56  3.1667017267e-61  
  1.6541517334e+00  1.9667263319e-56  3.2387927516e-61  
  1.6584260273e+00  1.9901351772e-56  3.3133273015e-61  
  1.6627003212e+00  2.0139367058e-56  3.3904172199e-61  
  1.6669746151e+00  2.0381399215e-56  3.4701807885e-61  
  1.6712489090e+00  2.0627540880e-56  3.5527431735e-61  
  1.6755232029e+00  2.0877887375e-56  3.6382369080e-61  
  1.6797974967e+00  2.1132536803e-56  3.7268024137e-61  
  1.6840717906e+00  2.1391590144e-56  3.8185885664e-61  
  1.6883460845e+00  2.1655151356e-56  3.9137533080e-61  
  1.6926203784e+00  2.1923327477e-56  4.0124643110e-61  
  1.6968946723e+00  2.2196228739e-56  4.1148996994e-61  
  1.7011689662e+00  2.2473968677e-56  4.2212488320e-61  
  1.7054432601e+00  2.2756664248e-56  4.3317131546e-61  
  1.7097175539e+00  2.3044435958e-56  4.4465071266e-61  
  1.7139918478e+00  2.3337407984e-56  4.5658592318e-61  
  1.7182661417e+00  2.3635708310e-56  4.6900130798e-61  
  1.7225404356e+00  2.3939468871e-56  4.8192286083e-61  
  1.7268147295e+00  2.4248825687e-56  4.9537833967e-61  
  1.7310890234e+00  2.4563919025e-56  5.0939741031e-61  
  1.7353633172e+00  2.4884893551e-56  5.2401180375e-61  
  1.7396376111e+00  2.5211898494e-56  5.3925548849e-61  
  1.7439119050e+00  2.5545087820e-56  5.5516485968e-61  
  1.7481861989e+00  2.5884620407e-56  5.7177894679e-61  
  1.7524604928e+00  2.6230660235e-56  5.8913964189e-61  
  1.7567347867e+00  2.6583376580e-56  6.0729195095e-61  
  1.7610090806e+00  2.6942944215e-56  6.2628427060e-61  
  1.7652833744e+00  2.7309543623e-56  6.4616869354e-61  
  1.7695576683e+00  2.7683361221e-56  6.6700134567e-61  
  1.7738319622e+00  2.8064589587e-56  6.8884275883e-61  
  1.7781062561e+00  2.8453427706e-56  7.1175828329e-61  
  1.7823805500e+00  2.8850081219e-56  7.3581854487e-61  
  1.7866548439e+00  2.9254762689e-56  7.6109995200e-61  
  1.7909291377e+00  2.9667691879e-56  7.8768525882e-61  
  1.7952034316e+00  3.0089096035e-56  8.1566419142e-61  
  1.7994777255e+00  3.0519210194e-56  8.4513414486e-61  
  1.8037520194e+00  3.0958277496e-56  8.7620096007e-61  
  1.8080263133e+00  3.1406549516e-56  9.0897979072e-61  
  1.8123006072e+00  3.1864286611e-56  9.4359607156e-61  
  1.8165749011e+00  3.2331758278e-56  9.8018660127e-61  
  1.8208491949e+00  3.2809243538e-56  1.0189007548e-60  
  1.8251234888e+00  3.3297031331e-56  1.0599018421e-60  
  1.8293977827e+00  3.3795420932e-56  1.1033686320e-60  
  1.8336720766e+00  3.4304722385e-56  1.1494970635e-60  
  1.8379463705e+00  3.4825256964e-56  1.1985021691e-60  
  1.8422206644e+00  3.5357357649e-56  1.2506202372e-60  
  1.8464949583e+00  3.5901369628e-56  1.3061112456e-60  
  1.8507692521e+00  3.6457650823e-56  1.3652616011e-60  
  1.8550435460e+00  3.7026572443e-56  1.4283872243e-60  
  1.8593178399e+00  3.7608519565e-56  1.4958370228e-60  
  1.8635921338e+00  3.8203891737e-56  1.5679968014e-60  
  1.8678664277e+00  3.8813103622e-56  1.6452936601e-60  
  1.8721407216e+00  3.9436585660e-56  1.7282009351e-60  
  1.8764150154e+00  4.0074784780e-56  1.8172437411e-60  
  1.8806893093e+00  4.0728165130e-56  1.9130051706e-60  
  1.8849636032e+00  4.1397208858e-56  2.0161332041e-60  
  1.8892378971e+00  4.2082416926e-56  2.1273483751e-60  
  1.8935121910e+00  4.2784309961e-56  2.2474522168e-60  
  1.8977864849e+00  4.3503429163e-56  2.3773364848e-60  
  1.9020607788e+00  4.4240337244e-56  2.5179931050e-60  
  1.9063350726e+00  4.4995619423e-56  2.6705247156e-60  
  1.9106093665e+00  4.5769884474e-56  2.8361555641e-60  
  1.9148836604e+00  4.6563765824e-56  3.0162423460e-60  
  1.9191579543e+00  4.7377922707e-56  3.2122843341e-60  
  1.9234322482e+00  4.8213041383e-56  3.4259317948e-60  
  1.9277065421e+00  4.9069836414e-56  3.6589911998e-60  
  1.9319808359e+00  4.9949052013e-56  3.9134250552e-60  
  1.9362551298e+00  5.0851463459e-56  4.1913432434e-60  
  1.9405294237e+00  5.1777878586e-56  4.4949815221e-60  
  1.9448037176e+00  5.2729139353e-56  4.8266612051e-60  
  1.9490780115e+00  5.3706123494e-56  5.1887220144e-60  
  1.9533523054e+00  5.4709746254e-56  5.5834176788e-60  
  1.9576265993e+00  5.5740962220e-56  6.0127612382e-60  
  1.9619008931e+00  5.6800767239e-56  6.4783046445e-60  
  1.9661751870e+00  5.7890200453e-56  6.9808360321e-60  
  1.9704494809e+00  5.9010346418e-56  7.5199795529e-60  
  1.9747237748e+00  6.0162337357e-56  8.0936894562e-60  
  1.9789980687e+00  6.1347355510e-56  8.6976455837e-60  
  1.9832723626e+00  6.2566635622e-56  9.3245855949e-60  
  1.9875466565e+00  6.3821467550e-56  9.9636527913e-60  
  1.9918209503e+00  6.5113199008e-56  1.0599895772e-59  
  1.9960952442e+00  6.6443238451e-56  1.1214116343e-59  
  2.0003695381e+00  6.7813058105e-56  1.1783300151e-59  
  2.0046438320e+00  6.9224197154e-56  1.2281841706e-59  
  2.0089181259e+00  7.0678265078e-56  1.2683652346e-59  
  2.0131924198e+00  7.2176945162e-56  1.2965004251e-59  
  2.0174667136e+00  7.3721998175e-56  1.3107665832e-59  
  2.0217410075e+00  7.5315266218e-56  1.3101644704e-59  
  2.0260153014e+00  7.6958676765e-56  1.2946819935e-59  
  2.0302895953e+00  7.8654246875e-56  1.2652990840e-59  
  2.0345638892e+00  8.0404087606e-56  1.2238323625e-59  
  2.0388381831e+00  8.2210408611e-56  1.1726640826e-59  
  2.0431124770e+00  8.4075522933e-56  1.1144266506e-59  
  2.0473867708e+00  8.6001851993e-56  1.0517126709e-59  
  2.0516610647e+00  8.7991930761e-56  9.8685747320e-60  
  2.0559353586e+00  9.0048413126e-56  9.2181094249e-60  
  2.0602096525e+00  9.2174077439e-56  8.5809090803e-60  
  2.0644839464e+00  9.4371832222e-56  7.9679702681e-60  
  2.0687582403e+00  9.6644722043e-56  7.3866120528e-60  
  2.0730325341e+00  9.8995933512e-56  6.8411421391e-60  
  2.0773068280e+00  1.0142880140e-55  6.3335425380e-60  
  2.0815811219e+00  1.0394681484e-55  5.8640916490e-60  
  2.0858554158e+00  1.0655362355e-55  5.4318851633e-60  
  2.0901297097e+00  1.0925304405e-55  5.0352477875e-60  
  2.0944040036e+00  1.1204906582e-55  4.6720441701e-60  
  2.0986782975e+00  1.1494585735e-55  4.3399046299e-60  
  2.1029525913e+00  1.1794777183e-55  4.0363829501e-60  
  2.1072268852e+00  1.2105935269e-55  3.7590622584e-60  
  2.1115011791e+00  1.2428533850e-55  3.5056225481e-60  
  2.1157754730e+00  1.2763066736e-55  3.2738806653e-60  
  2.1200497669e+00  1.3110048050e-55  3.0618110624e-60  
  2.1243240608e+00  1.3470012479e-55  2.8675535003e-60  
  2.1285983547e+00  1.3843515411e-55  2.6894121833e-60  
  2.1328726485e+00  1.4231132910e-55  2.5258495228e-60  
  2.1371469424e+00  1.4633461511e-55  2.3754767525e-60  
  2.1414212363e+00  1.5051117784e-55  2.2370429151e-60  
  2.1456955302e+00  1.5484737626e-55  2.1094232335e-60  
  2.1499698241e+00  1.5934975235e-55  1.9916075216e-60  
  2.1542441180e+00  1.6402501698e-55  1.8826890389e-60  
  2.1585184118e+00  1.6888003128e-55  1.7818540255e-60  
  2.1627927057e+00  1.7392178268e-55  1.6883720363e-60  
  2.1670669996e+00  1.7915735482e-55  1.6015871180e-60  
  2.1713412935e+00  1.8459389025e-55  1.5209098256e-60  
  2.1756155874e+00  1.9023854485e-55  1.4458100427e-60  
  2.1798898813e+00  1.9609843264e-55  1.3758105555e-60  
  2.1841641752e+00  2.0218055970e-55  1.3104813205e-60  
  2.1884384690e+00  2.0849174562e-55  1.2494343630e-60  
  2.1927127629e+00  2.1503853083e-55  1.1923192447e-60  
  2.1969870568e+00  2.2182706805e-55  1.1388190417e-60  
  2.2012613507e+00  2.2886299603e-55  1.0886467764e-60  
  2.2055356446e+00  2.3615129357e-55  1.0415422547e-60  
  2.2098099385e+00  2.4369611195e-55  9.9726925967e-61  
  2.2140842323e+00  2.5150058384e-55  9.5561306392e-61  
  2.2183585262e+00  2.5956660692e-55  9.1637822042e-61  
  2.2226328201e+00  2.6789460070e-55  8.7938660133e-61  
  2.2269071140e+00  2.7648323546e-55  8.4447565476e-61  
  2.2311814079e+00  2.8532913287e-55  8.1149685408e-61  
  2.2354557018e+00  2.9442653848e-55  7.8031431724e-61  
  2.2397299957e+00  3.0376696766e-55  7.5080357609e-61  
  2.2440042895e+00  3.1333882773e-55  7.2285047842e-61  
  2.2482785834e+00  3.2312702094e-55  6.9635020701e-61  
  2.2525528773e+00  3.3311253495e-55  6.7120640260e-61  
  2.2568271712e+00  3.4327203018e-55  6.4733037849e-61  
  2.2611014651e+00  3.5357743598e-55  6.2464041670e-61  
  2.2653757590e+00  3.6399557100e-55  6.0306113620e-61  
  2.2696500529e+00  3.7448780643e-55  5.8252292531e-61  
  2.2739243467e+00  3.8500979383e-55  5.6296143115e-61  
  2.2781986406e+00  3.9551128292e-55  5.4431709978e-61  
  2.2824729345e+00  4.0593605659e-55  5.2653476151e-61  
  2.2867472284e+00  4.1622201252e-55  5.0956325665e-61  
  2.2910215223e+00  4.2630142024e-55  4.9335509712e-61  
  2.2952958162e+00  4.3610138126e-55  4.7786616040e-61  
  2.2995701100e+00  4.4554451505e-55  4.6305541216e-61  
  2.3038444039e+00  4.5454988713e-55  4.4888465481e-61  
  2.3081186978e+00  4.6303418512e-55  4.3531829915e-61  
  2.3123929917e+00  4.7091313618e-55  4.2232315686e-61  
  2.3166672856e+00  4.7810314363e-55  4.0986825164e-61  
  2.3209415795e+00  4.8452310408e-55  3.9792464725e-61  
  2.3252158734e+00  4.9009634880e-55  3.8646529066e-61  
  2.3294901672e+00  4.9475263743e-55  3.7546486892e-61  
  2.3337644611e+00  4.9843011915e-55  3.6489967836e-61  
  2.3380387550e+00  5.0107716807e-55  3.5474750499e-61  
  2.3423130489e+00  5.0265399833e-55  3.4498751497e-61  
  2.3465873428e+00  5.0313396942e-55  3.3560015430e-61  
  2.3508616367e+00  5.0250450588e-55  3.2656705671e-61  
  2.3551359305e+00  5.0076757499e-55  3.1787095922e-61  
  2.3594102244e+00  4.9793969193e-55  3.0949562443e-61  
  2.3636845183e+00  4.9405144975e-55  3.0142576912e-61  
  2.3679588122e+00  4.8914660067e-55  2.9364699850e-61  
  2.3722331061e+00  4.8328074122e-55  2.8614574558e-61  
  2.3765074000e+00  4.7651967545e-55  2.7890921537e-61  
  2.3807816939e+00  4.6893754500e-55  2.7192533324e-61  
  2.3850559877e+00  4.6061482250e-55  2.6518269734e-61  
  2.3893302816e+00  4.5163626379e-55  2.5867053455e-61  
  2.3936045755e+00  4.4208890810e-55  2.5237865972e-61  
  2.3978788694e+00  4.3206020211e-55  2.4629743798e-61  
  2.4021531633e+00  4.2163630836e-55  2.4041774975e-61  
  2.4064274572e+00  4.1090064043e-55  2.3473095836e-61  
  2.4107017511e+00  3.9993264968e-55  2.2922887994e-61  
  2.4149760449e+00  3.8880687227e-55  2.2390375552e-61  
  2.4192503388e+00  3.7759223089e-55  2.1874822500e-61  
  2.4235246327e+00  3.6635157526e-55  2.1375530309e-61  
  2.4277989266e+00  3.5514143708e-55  2.0891835675e-61  
  2.4320732205e+00  3.4401197079e-55  2.0423108434e-61  
  2.4363475144e+00  3.3300704893e-55  1.9968749605e-61  
  2.4406218082e+00  3.2216448095e-55  1.9528189579e-61  
  2.4448961021e+00  3.1151632581e-55  1.9100886412e-61  
  2.4491703960e+00  3.0108927159e-55  1.8686324249e-61  
  2.4534446899e+00  2.9090505819e-55  1.8284011838e-61  
  2.4577189838e+00  2.8098092331e-55  1.7893481152e-61  
  2.4619932777e+00  2.7133005528e-55  1.7514286084e-61  
  2.4662675716e+00  2.6196203982e-55  1.7146001247e-61  
  2.4705418654e+00  2.5288329094e-55  1.6788220831e-61  
  2.4748161593e+00  2.4409745892e-55  1.6440557541e-61  
  2.4790904532e+00  2.3560581075e-55  1.6102641602e-61  
  2.4833647471e+00  2.2740758011e-55  1.5774119820e-61  
  2.4876390410e+00  2.1950028569e-55  1.5454654709e-61  
  2.4919133349e+00  2.1188001771e-55  1.5143923660e-61  
  2.4961876287e+00  2.0454169349e-55  1.4841618172e-61  
  2.5004619226e+00  1.9747928331e-55  1.4547443117e-61  
  2.5047362165e+00  1.9068600871e-55  1.4261116061e-61  
  2.5090105104e+00  1.8415451486e-55  1.3982366617e-61  
  2.5132848043e+00  1.7787701968e-55  1.3710935836e-61  
  2.5175590982e+00  1.7184544161e-55  1.3446575636e-61  
  2.5218333921e+00  1.6605150832e-55  1.3189048263e-61  
  2.5261076859e+00  1.6048684860e-55  1.2938125783e-61  
  2.5303819798e+00  1.5514306916e-55  1.2693589603e-61  
  2.5346562737e+00  1.5001181843e-55  1.2455230016e-61  
  2.5389305676e+00  1.4508483878e-55  1.2222845777e-61  
  2.5432048615e+00  1.4035400895e-55  1.1996243695e-61  
  2.5474791554e+00  1.3581137779e-55  1.1775238257e-61  
  2.5517534493e+00  1.3144919078e-55  1.1559651261e-61  
  2.5560277431e+00  1.2725991018e-55  1.1349311481e-61  
  2.5603020370e+00  1.2323622990e-55  1.1144054337e-61  
  2.5645763309e+00  1.1937108593e-55  1.0943721599e-61  
  2.5688506248e+00  1.1565766293e-55  1.0748161087e-61  
  2.5731249187e+00  1.1208939777e-55  1.0557226404e-61  
  2.5773992126e+00  1.0865998040e-55  1.0370776673e-61  
  2.5816735064e+00  1.0536335266e-55  1.0188676292e-61  
  2.5859478003e+00  1.0219370536e-55  1.0010794699e-61  
  2.5902220942e+00  9.9145473988e-56  9.8370061513e-62  
  2.5944963881e+00  9.6213333268e-56  9.6671895124e-62  
  2.5987706820e+00  9.3392190983e-56  9.5012280553e-62  
  2.6030449759e+00  9.0677181087e-56  9.3390092707e-62  
  2.6073192698e+00  8.8063656391e-56  9.1804246867e-62  
  2.6115935636e+00  8.5547180928e-56  9.0253696971e-62  
  2.6158678575e+00  8.3123522129e-56  8.8737433984e-62  
  2.6201421514e+00  8.0788642909e-56  8.7254484346e-62  
  2.6244164453e+00  7.8538693739e-56  8.5803908488e-62  
  2.6286907392e+00  7.6370004777e-56  8.4384799435e-62  
  2.6329650331e+00  7.4279078107e-56  8.2996281459e-62  
  2.6372393269e+00  7.2262580126e-56  8.1637508803e-62  
  2.6415136208e+00  7.0317334125e-56  8.0307664473e-62  
  2.6457879147e+00  6.8440313068e-56  7.9005959067e-62  
  2.6500622086e+00  6.6628632606e-56  7.7731629682e-62  
  2.6543365025e+00  6.4879544328e-56  7.6483938850e-62  
  2.6586107964e+00  6.3190429261e-56  7.5262173539e-62  
  2.6628850903e+00  6.1558791628e-56  7.4065644190e-62  
  2.6671593841e+00  5.9982252859e-56  7.2893683800e-62  
  2.6714336780e+00  5.8458545854e-56  7.1745647051e-62  
  2.6757079719e+00  5.6985509500e-56  7.0620909471e-62  
  2.6799822658e+00  5.5561083444e-56  6.9518866634e-62  
  2.6842565597e+00  5.4183303091e-56  6.8438933401e-62  
  2.6885308536e+00  5.2850294854e-56  6.7380543187e-62  
  2.6928051475e+00  5.1560271622e-56  6.6343147265e-62  
  2.6970794413e+00  5.0311528455e-56  6.5326214095e-62  
  2.7013537352e+00  4.9102438488e-56  6.4329228692e-62  
  2.7056280291e+00  4.7931449039e-56  6.3351692006e-62  
  2.7099023230e+00  4.6797077915e-56  6.2393120344e-62  
  2.7141766169e+00  4.5697909902e-56  6.1453044805e-62  
  2.7184509108e+00  4.4632593439e-56  6.0531010746e-62  
  2.7227252046e+00  4.3599837459e-56  5.9626577266e-62  
  2.7269994985e+00  4.2598408394e-56  5.8739316715e-62  
  2.7312737924e+00  4.1627127331e-56  5.7868814217e-62  
  2.7355480863e+00  4.0684867326e-56  5.7014667223e-62  
  2.7398223802e+00  3.9770550843e-56  5.6176485073e-62  
  2.7440966741e+00  3.8883147342e-56  5.5353888580e-62  
  2.7483709680e+00  3.8021670978e-56  5.4546509629e-62  
  2.7526452618e+00  3.7185178428e-56  5.3753990796e-62  
  2.7569195557e+00  3.6372766833e-56  5.2975984976e-62  
  2.7611938496e+00  3.5583571843e-56  5.2212155032e-62  
  2.7654681435e+00  3.4816765761e-56  5.1462173455e-62  
  2.7697424374e+00  3.4071555794e-56  5.0725722037e-62  
  2.7740167313e+00  3.3347182380e-56  5.0002491556e-62  
  2.7782910251e+00  3.2642917620e-56  4.9292181477e-62  
  2.7825653190e+00  3.1958063770e-56  4.8594499662e-62  
  2.7868396129e+00  3.1291951832e-56  4.7909162090e-62  
  2.7911139068e+00  3.0643940199e-56  4.7235892591e-62  
  2.7953882007e+00  3.0013413384e-56  4.6574422587e-62  
  2.7996624946e+00  2.9399780804e-56  4.5924490845e-62  
  2.8039367885e+00  2.8802475632e-56  4.5285843237e-62  
  2.8082110823e+00  2.8220953705e-56  4.4658232514e-62  
  2.8124853762e+00  2.7654692486e-56  4.4041418079e-62  
  2.8167596701e+00  2.7103190085e-56  4.3435165782e-62  
  2.8210339640e+00  2.6565964318e-56  4.2839247709e-62  
  2.8253082579e+00  2.6042551825e-56  4.2253441986e-62  
  2.8295825518e+00  2.5532507223e-56  4.1677532591e-62  
  2.8338568456e+00  2.5035402308e-56  4.1111309169e-62  
  2.8381311395e+00  2.4550825291e-56  4.0554566854e-62  
  2.8424054334e+00  2.4078380074e-56  4.0007106103e-62  
  2.8466797273e+00  2.3617685565e-56  3.9468732528e-62  
  2.8509540212e+00  2.3168375018e-56  3.8939256739e-62  
  2.8552283151e+00  2.2730095414e-56  3.8418494192e-62  
  2.8595026090e+00  2.2302506869e-56  3.7906265040e-62  
  2.8637769028e+00  2.1885282067e-56  3.7402393995e-62  
  2.8680511967e+00  2.1478105724e-56  3.6906710185e-62  
  2.8723254906e+00  2.1080674078e-56  3.6419047026e-62  
  2.8765997845e+00  2.0692694401e-56  3.5939242093e-62  
  2.8808740784e+00  2.0313884538e-56  3.5467136995e-62  
  2.8851483723e+00  1.9943972461e-56  3.5002577260e-62  
  2.8894226662e+00  1.9582695849e-56  3.4545412216e-62  
  2.8936969600e+00  1.9229801689e-56  3.4095494881e-62  
  2.8979712539e+00  1.8885045892e-56  3.3652681857e-62  
  2.9022455478e+00  1.8548192926e-56  3.3216833223e-62  
  2.9065198417e+00  1.8219015471e-56  3.2787812439e-62  
  2.9107941356e+00  1.7897294083e-56  3.2365486245e-62  
  2.9150684295e+00  1.7582816882e-56  3.1949724572e-62  
  2.9193427233e+00  1.7275379244e-56  3.1540400446e-62  
  2.9236170172e+00  1.6974783516e-56  3.1137389903e-62  
  2.9278913111e+00  1.6680838737e-56  3.0740571906e-62  
  2.9321656050e+00  1.6393360378e-56  3.0349828258e-62  
  2.9364398989e+00  1.6112170085e-56  2.9965043528e-62  
  2.9407141928e+00  1.5837095443e-56  2.9586104972e-62  
  2.9449884867e+00  1.5567969744e-56  2.9212902457e-62  
  2.9492627805e+00  1.5304631766e-56  2.8845328392e-62  
  2.9535370744e+00  1.5046925565e-56  2.8483277657e-62  
  2.9578113683e+00  1.4794700271e-56  2.8126647534e-62  
  2.9620856622e+00  1.4547809896e-56  2.7775337646e-62  
  2.9663599561e+00  1.4306113154e-56  2.7429249888e-62  
  2.9706342500e+00  1.4069473277e-56  2.7088288371e-62  
  2.9749085438e+00  1.3837757851e-56  2.6752359360e-62  
  2.9791828377e+00  1.3610838656e-56  2.6421371214e-62  
  2.9834571316e+00  1.3388591506e-56  2.6095234338e-62  
  2.9877314255e+00  1.3170896104e-56  2.5773861119e-62  
  2.9920057194e+00  1.2957635899e-56  2.5457165883e-62  
  2.9962800133e+00  1.2748697948e-56  2.5145064837e-62  
  3.0005543072e+00  1.2543972791e-56  2.4837476023e-62  
  3.0048286010e+00  1.2343354317e-56  2.4534319272e-62  
  3.0091028949e+00  1.2146739652e-56  2.4235516154e-62  
  3.0133771888e+00  1.1954029039e-56  2.3940989933e-62  
  3.0176514827e+00  1.1765125729e-56  2.3650665529e-62  
  3.0219257766e+00  1.1579935874e-56  2.3364469469e-62  
  3.0262000705e+00  1.1398368428e-56  2.3082329850e-62  
  3.0304743644e+00  1.1220335044e-56  2.2804176297e-62  
  3.0347486582e+00  1.1045749986e-56  2.2529939926e-62  
  3.0390229521e+00  1.0874530035e-56  2.2259553307e-62  
  3.0432972460e+00  1.0706594402e-56  2.1992950423e-62  
  3.0475715399e+00  1.0541864649e-56  2.1730066642e-62  
  3.0518458338e+00  1.0380264604e-56  2.1470838676e-62  
  3.0561201277e+00  1.0221720287e-56  2.1215204552e-62  
  3.0603944215e+00  1.0066159837e-56  2.0963103577e-62  
  3.0646687154e+00  9.9135134383e-57  2.0714476307e-62  
  3.0689430093e+00  9.7637132522e-57  2.0469264519e-62  
  3.0732173032e+00  9.6166933544e-57  2.0227411177e-62  
  3.0774915971e+00  9.4723896689e-57  1.9988860407e-62  
  3.0817658910e+00  9.3307399083e-57  1.9753557465e-62  
  3.0860401849e+00  9.1916835151e-57  1.9521448715e-62  
  3.0903144787e+00  9.0551616051e-57  1.9292481597e-62  
  3.0945887726e+00  8.9211169137e-57  1.9066604604e-62  
  3.0988630665e+00  8.7894937427e-57  1.8843767259e-62  
  3.1031373604e+00  8.6602379111e-57  1.8623920086e-62  
  3.1074116543e+00  8.5332967059e-57  1.8407014589e-62  
  3.1116859482e+00  8.4086188353e-57  1.8193003228e-62  
  3.1159602420e+00  8.2861543845e-57  1.7981839399e-62  
  3.1202345359e+00  8.1658547713e-57  1.7773477408e-62  
  3.1245088298e+00  8.0476727052e-57  1.7567872454e-62  
  3.1287831237e+00  7.9315621463e-57  1.7364980604e-62  
  3.1330574176e+00  7.8174782671e-57  1.7164758779e-62  
  3.1373317115e+00  7.7053774146e-57  1.6967164726e-62  
  3.1416060054e+00  7.5952170742e-57  1.6772157009e-62  
  3.1458802992e+00  7.4869558351e-57  1.6579694980e-62  
  3.1501545931e+00  7.3805533561e-57  1.6389738770e-62  
  3.1544288870e+00  7.2759703338e-57  1.6202249265e-62  
  3.1587031809e+00  7.1731684705e-57  1.6017188093e-62  
  3.1629774748e+00  7.0721104446e-57  1.5834517606e-62  
  3.1672517687e+00  6.9727598808e-57  1.5654200863e-62  
  3.1715260626e+00  6.8750813225e-57  1.5476201613e-62  
  3.1758003564e+00  6.7790402039e-57  1.5300484284e-62  
  3.1800746503e+00  6.6846028240e-57  1.5127013964e-62  
  3.1843489442e+00  6.5917363213e-57  1.4955756389e-62  
  3.1886232381e+00  6.5004086489e-57  1.4786677926e-62  
  3.1928975320e+00  6.4105885508e-57  1.4619745561e-62  
  3.1971718259e+00  6.3222455392e-57  1.4454926886e-62  
  3.2014461197e+00  6.2353498720e-57  1.4292190083e-62  
  3.2057204136e+00  6.1498725315e-57  1.4131503916e-62  
  3.2099947075e+00  6.0657852037e-57  1.3972837714e-62  
  3.2142690014e+00  5.9830602579e-57  1.3816161359e-62  
  3.2185432953e+00  5.9016707277e-57  1.3661445277e-62  
  3.2228175892e+00  5.8215902920e-57  1.3508660425e-62  
  3.2270918831e+00  5.7427932569e-57  1.3357778279e-62  
  3.2313661769e+00  5.6652545379e-57  1.3208770824e-62  
  3.2356404708e+00  5.5889496432e-57  1.3061610542e-62  
  3.2399147647e+00  5.5138546572e-57  1.2916270402e-62  
  3.2441890586e+00  5.4399462241e-57  1.2772723850e-62  
  3.2484633525e+00  5.3672015331e-57  1.2630944802e-62  
  3.2527376464e+00  5.2955983031e-57  1.2490907625e-62  
  3.2570119402e+00  5.2251147680e-57  1.2352587140e-62  
  3.2612862341e+00  5.1557296632e-57  1.2215958603e-62  
  3.2655605280e+00  5.0874222117e-57  1.2080997700e-62  
  3.2698348219e+00  5.0201721108e-57  1.1947680536e-62  
  3.2741091158e+00  4.9539595198e-57  1.1815983632e-62  
  3.2783834097e+00  4.8887650471e-57  1.1685883907e-62  
  3.2826577036e+00  4.8245697386e-57  1.1557358680e-62  
  3.2869319974e+00  4.7613550659e-57  1.1430385653e-62  
  3.2912062913e+00  4.6991029151e-57  1.1304942912e-62  
  3.2954805852e+00  4.6377955759e-57  1.1181008909e-62  
  3.2997548791e+00  4.5774157311e-57  1.1058562466e-62  
  3.3040291730e+00  4.5179464459e-57  1.0937582756e-62  
  3.3083034669e+00  4.4593711586e-57  1.0818049307e-62  
  3.3125777608e+00  4.4016736703e-57  1.0699941987e-62  
  3.3168520546e+00  4.3448381361e-57  1.0583240999e-62  
  3.3211263485e+00  4.2888490555e-57  1.0467926878e-62  
  3.3254006424e+00  4.2336912638e-57  1.0353980479e-62  
  3.3296749363e+00  4.1793499237e-57  1.0241382976e-62  
  3.3339492302e+00  4.1258105166e-57  1.0130115852e-62  
  3.3382235241e+00  4.0730588348e-57  1.0020160892e-62  
  3.3424978179e+00  4.0210809737e-57  9.9115001839e-63  
  3.3467721118e+00  3.9698633240e-57  9.8041161037e-63  
  3.3510464057e+00  3.9193925642e-57  9.6979913163e-63  
  3.3553206996e+00  3.8696556540e-57  9.5931087674e-63  
  3.3595949935e+00  3.8206398267e-57  9.4894516782e-63  
  3.3638692874e+00  3.7723325826e-57  9.3870035408e-63  
  3.3681435813e+00  3.7247216826e-57  9.2857481125e-63  
  3.3724178751e+00  3.6777951418e-57  9.1856694106e-63  
  3.3766921690e+00  3.6315412228e-57  9.0867517082e-63  
  3.3809664629e+00  3.5859484304e-57  8.9889795284e-63  
  3.3852407568e+00  3.5410055052e-57  8.8923376404e-63  
  3.3895150507e+00  3.4967014181e-57  8.7968110544e-63  
  3.3937893446e+00  3.4530253648e-57  8.7023850171e-63  
  3.3980636384e+00  3.4099667600e-57  8.6090450075e-63  
  3.4023379323e+00  3.3675152329e-57  8.5167767324e-63  
  3.4066122262e+00  3.3256606213e-57  8.4255661222e-63  
  3.4108865201e+00  3.2843929673e-57  8.3353993267e-63  
  3.4151608140e+00  3.2437025119e-57  8.2462627111e-63  
  3.4194351079e+00  3.2035796909e-57  8.1581428520e-63  
  3.4237094018e+00  3.1640151299e-57  8.0710265336e-63  
  3.4279836956e+00  3.1249996398e-57  7.9849007438e-63  
  3.4322579895e+00  3.0865242129e-57  7.8997526705e-63  
  3.4365322834e+00  3.0485800184e-57  7.8155696980e-63  
  3.4408065773e+00  3.0111583983e-57  7.7323394032e-63  
  3.4450808712e+00  2.9742508635e-57  7.6500495527e-63  
  3.4493551651e+00  2.9378490899e-57  7.5686880985e-63  
  3.4536294590e+00  2.9019449146e-57  7.4882431756e-63  
  3.4579037528e+00  2.8665303323e-57  7.4087030979e-63  
  3.4621780467e+00  2.8315974915e-57  7.3300563555e-63  
  3.4664523406e+00  2.7971386914e-57  7.2522916116e-63  
  3.4707266345e+00  2.7631463780e-57  7.1753976989e-63  
  3.4750009284e+00  2.7296131413e-57  7.0993636172e-63  
  3.4792752223e+00  2.6965317118e-57  7.0241785300e-63  
  3.4835495161e+00  2.6638949572e-57  6.9498317618e-63  
  3.4878238100e+00  2.6316958797e-57  6.8763127954e-63  
  3.4920981039e+00  2.5999276130e-57  6.8036112688e-63  
  3.4963723978e+00  2.5685834190e-57  6.7317169729e-63  
  3.5006466917e+00  2.5376566855e-57  6.6606198482e-63  
  3.5049209856e+00  2.5071409228e-57  6.5903099831e-63  
  3.5091952795e+00  2.4770297617e-57  6.5207776104e-63  
  3.5134695733e+00  2.4473169504e-57  6.4520131055e-63  
  3.5177438672e+00  2.4179963523e-57  6.3840069836e-63  
  3.5220181611e+00  2.3890619431e-57  6.3167498974e-63  
  3.5262924550e+00  2.3605078086e-57  6.2502326346e-63  
  3.5305667489e+00  2.3323281426e-57  6.1844461158e-63  
  3.5348410428e+00  2.3045172438e-57  6.1193813923e-63  
  3.5391153366e+00  2.2770695146e-57  6.0550296435e-63  
  3.5433896305e+00  2.2499794580e-57  5.9913821750e-63  
  3.5476639244e+00  2.2232416760e-57  5.9284304165e-63  
  3.5519382183e+00  2.1968508671e-57  5.8661659196e-63  
  3.5562125122e+00  2.1708018249e-57  5.8045803558e-63  
  3.5604868061e+00  2.1450894352e-57  5.7436655143e-63  
  3.5647611000e+00  2.1197086748e-57  5.6834133005e-63  
  3.5690353938e+00  2.0946546095e-57  5.6238157336e-63  
  3.5733096877e+00  2.0699223919e-57  5.5648649448e-63  
  3.5775839816e+00  2.0455072597e-57  5.5065531756e-63  
  3.5818582755e+00  2.0214045344e-57  5.4488727760e-63  
  3.5861325694e+00  1.9976096190e-57  5.3918162024e-63  
  3.5904068633e+00  1.9741179965e-57  5.3353760163e-63  
  3.5946811572e+00  1.9509252283e-57  5.2795448820e-63  
  3.5989554510e+00  1.9280269528e-57  5.2243155656e-63  
  3.6032297449e+00  1.9054188834e-57  5.1696809327e-63  
  3.6075040388e+00  1.8830968073e-57  5.1156339473e-63  
  3.6117783327e+00  1.8610565841e-57  5.0621676698e-63  
  3.6160526266e+00  1.8392941439e-57  5.0092752558e-63  
  3.6203269205e+00  1.8178054862e-57  4.9569499541e-63  
  3.6246012143e+00  1.7965866786e-57  4.9051851058e-63  
  3.6288755082e+00  1.7756338552e-57  4.8539741422e-63  
  3.6331498021e+00  1.7549432153e-57  4.8033105838e-63  
  3.6374240960e+00  1.7345110223e-57  4.7531880389e-63  
  3.6416983899e+00  1.7143336022e-57  4.7036002016e-63  
  3.6459726838e+00  1.6944073426e-57  4.6545408512e-63  
  3.6502469777e+00  1.6747286913e-57  4.6060038505e-63  
  3.6545212715e+00  1.6552941552e-57  4.5579831443e-63  
  3.6587955654e+00  1.6361002991e-57  4.5104727585e-63  
  3.6630698593e+00  1.6171437445e-57  4.4634667986e-63  
  3.6673441532e+00  1.5984211689e-57  4.4169594483e-63  
  3.6716184471e+00  1.5799293041e-57  4.3709449686e-63  
  3.6758927410e+00  1.5616649356e-57  4.3254176966e-63  
  3.6801670348e+00  1.5436249016e-57  4.2803720438e-63  
  3.6844413287e+00  1.5258060914e-57  4.2358024957e-63  
  3.6887156226e+00  1.5082054452e-57  4.1917036100e-63  
  3.6929899165e+00  1.4908199528e-57  4.1480700158e-63  
  3.6972642104e+00  1.4736466523e-57  4.1048964126e-63  
  3.7015385043e+00  1.4566826298e-57  4.0621775688e-63  
  3.7058127982e+00  1.4399250181e-57  4.0199083213e-63  
  3.7100870920e+00  1.4233709960e-57  3.9780835737e-63  
  3.7143613859e+00  1.4070177872e-57  3.9366982958e-63  
  3.7186356798e+00  1.3908626599e-57  3.8957475224e-63  
  3.7229099737e+00  1.3749029254e-57  3.8552263526e-63  
  3.7271842676e+00  1.3591359377e-57  3.8151299482e-63  
  3.7314585615e+00  1.3435590927e-57  3.7754535334e-63  
  3.7357328554e+00  1.3281698271e-57  3.7361923936e-63  
  3.7400071492e+00  1.3129656180e-57  3.6973418742e-63  
  3.7442814431e+00  1.2979439820e-57  3.6588973804e-63  
  3.7485557370e+00  1.2831024746e-57  3.6208543756e-63  
  3.7528300309e+00  1.2684386891e-57  3.5832083808e-63  
  3.7571043248e+00  1.2539502566e-57  3.5459549740e-63  
  3.7613786187e+00  1.2396348444e-57  3.5090897889e-63  
  3.7656529125e+00  1.2254901563e-57  3.4726085145e-63  
  3.7699272064e+00  1.2115139313e-57  3.4365068937e-63  
  3.7742015003e+00  1.1977039431e-57  3.4007807234e-63  
  3.7784757942e+00  1.1840579996e-57  3.3654258528e-63  
  3.7827500881e+00  1.1705739423e-57  3.3304381831e-63  
  3.7870243820e+00  1.1572496453e-57  3.2958136667e-63  
  3.7912986759e+00  1.1440830154e-57  3.2615483066e-63  
  3.7955729697e+00  1.1310719909e-57  3.2276381551e-63  
  3.7998472636e+00  1.1182145414e-57  3.1940793138e-63  
  3.8041215575e+00  1.1055086672e-57  3.1608679324e-63  
  3.8083958514e+00  1.0929523984e-57  3.1280002081e-63  
  3.8126701453e+00  1.0805437951e-57  3.0954723852e-63  
  3.8169444392e+00  1.0682809461e-57  3.0632807539e-63  
  3.8212187330e+00  1.0561619688e-57  3.0314216501e-63  
  3.8254930269e+00  1.0441850088e-57  2.9998914546e-63  
  3.8297673208e+00  1.0323482390e-57  2.9686865924e-63  
  3.8340416147e+00  1.0206498597e-57  2.9378035321e-63  
  3.8383159086e+00  1.0090880975e-57  2.9072387853e-63  
  3.8425902025e+00  9.9766120527e-58  2.8769889060e-63  
  3.8468644964e+00  9.8636746160e-58  2.8470504900e-63  
  3.8511387902e+00  9.7520517030e-58  2.8174201742e-63  
  3.8554130841e+00  9.6417265999e-58  2.7880946362e-63  
  3.8596873780e+00  9.5326828371e-58  2.7590705936e-63  
  3.8639616719e+00  9.4249041846e-58  2.7303448035e-63  
  3.8682359658e+00  9.3183746484e-58  2.7019140620e-63  
  3.8725102597e+00  9.2130784660e-58  2.6737752035e-63  
  3.8767845536e+00  9.1090001028e-58  2.6459251002e-63  
  3.8810588474e+00  9.0061242483e-58  2.6183606617e-63  
  3.8853331413e+00  8.9044358121e-58  2.5910788345e-63  
  3.8896074352e+00  8.8039199204e-58  2.5640766013e-63  
  3.8938817291e+00  8.7045619123e-58  2.5373509806e-63  
  3.8981560230e+00  8.6063473361e-58  2.5108990261e-63  
  3.9024303169e+00  8.5092619462e-58  2.4847178266e-63  
  3.9067046107e+00  8.4132916994e-58  2.4588045050e-63  
  3.9109789046e+00  8.3184227516e-58  2.4331562182e-63  
  3.9152531985e+00  8.2246414544e-58  2.4077701565e-63  
  3.9195274924e+00  8.1319343521e-58  2.3826435431e-63  
  3.9238017863e+00  8.0402881786e-58  2.3577736338e-63  
  3.9280760802e+00  7.9496898537e-58  2.3331577165e-63  
  3.9323503741e+00  7.8601264811e-58  2.3087931105e-63  
  3.9366246679e+00  7.7715853442e-58  2.2846771667e-63  
  3.9408989618e+00  7.6840539041e-58  2.2608072664e-63  
  3.9451732557e+00  7.5975197964e-58  2.2371808215e-63  
  3.9494475496e+00  7.5119708282e-58  2.2137952739e-63  
  3.9537218435e+00  7.4273949757e-58  2.1906480950e-63  
  3.9579961374e+00  7.3437803812e-58  2.1677367853e-63  
  3.9622704312e+00  7.2611153505e-58  2.1450588742e-63  
  3.9665447251e+00  7.1793883503e-58  2.1226119196e-63  
  3.9708190190e+00  7.0985880057e-58  2.1003935072e-63  
  3.9750933129e+00  7.0187030976e-58  2.0784012506e-63  
  3.9793676068e+00  6.9397225601e-58  2.0566327904e-63  
  3.9836419007e+00  6.8616354785e-58  2.0350857944e-63  
  3.9879161946e+00  6.7844310862e-58  2.0137579569e-63  
  3.9921904884e+00  6.7080987632e-58  1.9926469984e-63  
  3.9964647823e+00  6.6326280331e-58  1.9717506654e-63  
  4.0007390762e+00  6.5580085612e-58  1.9510667298e-63  
  4.0050133701e+00  6.4842301523e-58  1.9305929888e-63  
  4.0092876640e+00  6.4112827482e-58  1.9103272645e-63  
  4.0135619579e+00  6.3391564261e-58  1.8902674036e-63  
  4.0178362518e+00  6.2678413958e-58  1.8704112770e-63  
  4.0221105456e+00  6.1973279985e-58  1.8507567794e-63  
  4.0263848395e+00  6.1276067039e-58  1.8313018295e-63  
  4.0306591334e+00  6.0586681087e-58  1.8120443691e-63  
  4.0349334273e+00  5.9905029347e-58  1.7929823629e-63  
  4.0392077212e+00  5.9231020267e-58  1.7741137985e-63  
  4.0434820151e+00  5.8564563505e-58  1.7554366860e-63  
  4.0477563089e+00  5.7905569914e-58  1.7369490575e-63  
  4.0520306028e+00  5.7253951520e-58  1.7186489671e-63  
  4.0563048967e+00  5.6609621509e-58  1.7005344905e-63  
  4.0605791906e+00  5.5972494203e-58  1.6826037245e-63  
  4.0648534845e+00  5.5342485047e-58  1.6648547872e-63  
  4.0691277784e+00  5.4719510594e-58  1.6472858175e-63  
  4.0734020723e+00  5.4103488482e-58  1.6298949746e-63  
  4.0776763661e+00  5.3494337422e-58  1.6126804381e-63  
  4.0819506600e+00  5.2891977184e-58  1.5956404078e-63  
  4.0862249539e+00  5.2296328575e-58  1.5787731029e-63  
  4.0904992478e+00  5.1707313427e-58  1.5620767624e-63  
  4.0947735417e+00  5.1124854585e-58  1.5455496444e-63  
  4.0990478356e+00  5.0548875884e-58  1.5291900261e-63  
  4.1033221294e+00  4.9979302143e-58  1.5129962036e-63  
  4.1075964233e+00  4.9416059142e-58  1.4969664913e-63  
  4.1118707172e+00  4.8859073616e-58  1.4810992223e-63  
  4.1161450111e+00  4.8308273235e-58  1.4653927475e-63  
  4.1204193050e+00  4.7763586592e-58  1.4498454359e-63  
  4.1246935989e+00  4.7224943192e-58  1.4344556739e-63  
  4.1289678928e+00  4.6692273434e-58  1.4192218655e-63  
  4.1332421866e+00  4.6165508602e-58  1.4041424321e-63  
  4.1375164805e+00  4.5644580850e-58  1.3892158120e-63  
  4.1417907744e+00  4.5129423190e-58  1.3744404601e-63  
  4.1460650683e+00  4.4619969480e-58  1.3598148481e-63  
  4.1503393622e+00  4.4116154409e-58  1.3453374643e-63  
  4.1546136561e+00  4.3617913490e-58  1.3310068129e-63  
  4.1588879500e+00  4.3125183044e-58  1.3168214143e-63  
  4.1631622438e+00  4.2637900191e-58  1.3027798045e-63  
  4.1674365377e+00  4.2156002836e-58  1.2888805355e-63  
  4.1717108316e+00  4.1679429659e-58  1.2751221743e-63  
  4.1759851255e+00  4.1208120106e-58  1.2615033036e-63  
  4.1802594194e+00  4.0742014374e-58  1.2480225209e-63  
  4.1845337133e+00  4.0281053403e-58  1.2346784386e-63  
  4.1888080071e+00  3.9825178866e-58  1.2214696839e-63  
  4.1930823010e+00  3.9374333157e-58  1.2083948986e-63  
  4.1973565949e+00  3.8928459382e-58  1.1954527386e-63  
  4.2016308888e+00  3.8487501346e-58  1.1826418744e-63  
  4.2059051827e+00  3.8051403549e-58  1.1699609901e-63  
  4.2101794766e+00  3.7620111170e-58  1.1574087840e-63  
  4.2144537705e+00  3.7193570063e-58  1.1449839680e-63  
  4.2187280643e+00  3.6771726742e-58  1.1326852674e-63  
  4.2230023582e+00  3.6354528378e-58  1.1205114211e-63  
  4.2272766521e+00  3.5941922783e-58  1.1084611810e-63  
  4.2315509460e+00  3.5533858408e-58  1.0965333122e-63  
  4.2358252399e+00  3.5130284329e-58  1.0847265928e-63  
  4.2400995338e+00  3.4731150240e-58  1.0730398134e-63  
  4.2443738276e+00  3.4336406446e-58  1.0614717775e-63  
  4.2486481215e+00  3.3946003853e-58  1.0500213008e-63  
  4.2529224154e+00  3.3559893958e-58  1.0386872116e-63  
  4.2571967093e+00  3.3178028847e-58  1.0274683502e-63  
  4.2614710032e+00  3.2800361180e-58  1.0163635689e-63  
  4.2657452971e+00  3.2426844186e-58  1.0053717321e-63  
  4.2700195910e+00  3.2057431656e-58  9.9449171574e-64  
  4.2742938848e+00  3.1692077936e-58  9.8372240752e-64  
  4.2785681787e+00  3.1330737915e-58  9.7306270659e-64  
  4.2828424726e+00  3.0973367025e-58  9.6251152349e-64  
  4.2871167665e+00  3.0619921226e-58  9.5206777997e-64  
  4.2913910604e+00  3.0270357004e-58  9.4173040889e-64  
  4.2956653543e+00  2.9924631362e-58  9.3149835407e-64  
  4.2999396482e+00  2.9582701813e-58  9.2137057022e-64  
  4.3042139420e+00  2.9244526375e-58  9.1134602273e-64  
  4.3084882359e+00  2.8910063561e-58  9.0142368765e-64  
  4.3127625298e+00  2.8579272376e-58  8.9160255146e-64  
  4.3170368237e+00  2.8252112307e-58  8.8188161106e-64  
  4.3213111176e+00  2.7928543318e-58  8.7225987356e-64  
  4.3255854115e+00  2.7608525847e-58  8.6273635622e-64  
  4.3298597053e+00  2.7292020793e-58  8.5331008634e-64  
  4.3341339992e+00  2.6978989516e-58  8.4398010110e-64  
  4.3384082931e+00  2.6669393827e-58  8.3474544749e-64  
  4.3426825870e+00  2.6363195984e-58  8.2560518218e-64  
  4.3469568809e+00  2.6060358687e-58  8.1655837144e-64  
  4.3512311748e+00  2.5760845069e-58  8.0760409100e-64  
  4.3555054687e+00  2.5464618694e-58  7.9874142594e-64  
  4.3597797625e+00  2.5171643548e-58  7.8996947063e-64  
  4.3640540564e+00  2.4881884035e-58  7.8128732859e-64  
  4.3683283503e+00  2.4595304975e-58  7.7269411239e-64  
  4.3726026442e+00  2.4311871591e-58  7.6418894357e-64  
  4.3768769381e+00  2.4031549510e-58  7.5577095253e-64  
  4.3811512320e+00  2.3754304757e-58  7.4743927843e-64  
  4.3854255258e+00  2.3480103747e-58  7.3919306908e-64  
  4.3896998197e+00  2.3208913282e-58  7.3103148088e-64  
  4.3939741136e+00  2.2940700546e-58  7.2295367869e-64  
  4.3982484075e+00  2.2675433101e-58  7.1495883578e-64  
  4.4025227014e+00  2.2413078878e-58  7.0704613368e-64  
  4.4067969953e+00  2.2153606178e-58  6.9921476213e-64  
  4.4110712892e+00  2.1896983665e-58  6.9146391899e-64  
  4.4153455830e+00  2.1643180357e-58  6.8379281013e-64  
  4.4196198769e+00  2.1392165630e-58  6.7620064938e-64  
  4.4238941708e+00  2.1143909207e-58  6.6868665839e-64  
  4.4281684647e+00  2.0898381155e-58  6.6125006659e-64  
  4.4324427586e+00  2.0655551881e-58  6.5389011109e-64  
  4.4367170525e+00  2.0415392130e-58  6.4660603659e-64  
  4.4409913464e+00  2.0177872976e-58  6.3939709531e-64  
  4.4452656402e+00  1.9942965823e-58  6.3226254692e-64  
  4.4495399341e+00  1.9710642395e-58  6.2520165841e-64  
  4.4538142280e+00  1.9480874739e-58  6.1821370408e-64  
  4.4580885219e+00  1.9253635215e-58  6.1129796541e-64  
  4.4623628158e+00  1.9028896495e-58  6.0445373101e-64  
  4.4666371097e+00  1.8806631559e-58  5.9768029652e-64  
  4.4709114035e+00  1.8586813690e-58  5.9097696456e-64  
  4.4751856974e+00  1.8369416471e-58  5.8434304464e-64  
  4.4794599913e+00  1.8154413782e-58  5.7777785311e-64  
  4.4837342852e+00  1.7941779793e-58  5.7128071304e-64  
  4.4880085791e+00  1.7731488968e-58  5.6485095419e-64  
  4.4922828730e+00  1.7523516050e-58  5.5848791294e-64  
  4.4965571669e+00  1.7317836069e-58  5.5219093219e-64  
  4.5008314607e+00  1.7114424331e-58  5.4595936132e-64  
  4.5051057546e+00  1.6913256417e-58  5.3979255609e-64  
  4.5093800485e+00  1.6714308181e-58  5.3368987862e-64  
  4.5136543424e+00  1.6517555743e-58  5.2765069727e-64  
  4.5179286363e+00  1.6322975491e-58  5.2167438662e-64  
  4.5222029302e+00  1.6130544072e-58  5.1576032737e-64  
  4.5264772240e+00  1.5940238394e-58  5.0990790630e-64  
  4.5307515179e+00  1.5752035618e-58  5.0411651619e-64  
  4.5350258118e+00  1.5565913159e-58  4.9838555577e-64  
  4.5393001057e+00  1.5381848681e-58  4.9271442966e-64  
  4.5435743996e+00  1.5199820095e-58  4.8710254827e-64  
  4.5478486935e+00  1.5019805555e-58  4.8154932781e-64  
  4.5521229874e+00  1.4841783453e-58  4.7605419017e-64  
  4.5563972812e+00  1.4665732423e-58  4.7061656289e-64  
  4.5606715751e+00  1.4491631331e-58  4.6523587907e-64  
  4.5649458690e+00  1.4319459274e-58  4.5991157737e-64  
  4.5692201629e+00  1.4149195580e-58  4.5464310189e-64  
  4.5734944568e+00  1.3980819804e-58  4.4942990217e-64  
  4.5777687507e+00  1.3814311721e-58  4.4427143307e-64  
  4.5820430446e+00  1.3649651332e-58  4.3916715478e-64  
  4.5863173384e+00  1.3486818852e-58  4.3411653273e-64  
  4.5905916323e+00  1.3325794714e-58  4.2911903753e-64  
  4.5948659262e+00  1.3166559565e-58  4.2417414496e-64  
  4.5991402201e+00  1.3009094260e-58  4.1928133584e-64  
  4.6034145140e+00  1.2853379866e-58  4.1444009608e-64  
  4.6076888079e+00  1.2699397651e-58  4.0964991652e-64  
  4.6119631017e+00  1.2547129091e-58  4.0491029297e-64  
  4.6162373956e+00  1.2396555861e-58  4.0022072611e-64  
  4.6205116895e+00  1.2247659833e-58  3.9558072145e-64  
  4.6247859834e+00  1.2100423079e-58  3.9098978929e-64  
  4.6290602773e+00  1.1954827862e-58  3.8644744466e-64  
  4.6333345712e+00  1.1810856637e-58  3.8195320729e-64  
  4.6376088651e+00  1.1668492051e-58  3.7750660152e-64  
  4.6418831589e+00  1.1527716935e-58  3.7310715631e-64  
  4.6461574528e+00  1.1388514307e-58  3.6875440517e-64  
  4.6504317467e+00  1.1250867367e-58  3.6444788608e-64  
  4.6547060406e+00  1.1114759498e-58  3.6018714151e-64  
  4.6589803345e+00  1.0980174259e-58  3.5597171832e-64  
  4.6632546284e+00  1.0847095388e-58  3.5180116774e-64  
  4.6675289222e+00  1.0715506796e-58  3.4767504533e-64  
  4.6718032161e+00  1.0585392566e-58  3.4359291092e-64  
  4.6760775100e+00  1.0456736955e-58  3.3955432857e-64  
  4.6803518039e+00  1.0329524386e-58  3.3555886656e-64  
  4.6846260978e+00  1.0203739449e-58  3.3160609730e-64  
  4.6889003917e+00  1.0079366899e-58  3.2769559731e-64  
  4.6931746856e+00  9.9563916551e-59  3.2382694719e-64  
  4.6974489794e+00  9.8347987962e-59  3.1999973156e-64  
  4.7017232733e+00  9.7145735611e-59  3.1621353905e-64  
  4.7059975672e+00  9.5957013459e-59  3.1246796220e-64  
  4.7102718611e+00  9.4781677023e-59  3.0876259750e-64  
  4.7145461550e+00  9.3619583362e-59  3.0509704529e-64  
  4.7188204489e+00  9.2470591054e-59  3.0147090975e-64  
  4.7230947427e+00  9.1334560183e-59  2.9788379885e-64  
  4.7273690366e+00  9.0211352319e-59  2.9433532433e-64  
  4.7316433305e+00  8.9100830505e-59  2.9082510163e-64  
  4.7359176244e+00  8.8002859235e-59  2.8735274989e-64  
  4.7401919183e+00  8.6917304444e-59  2.8391789190e-64  
  4.7444662122e+00  8.5844033487e-59  2.8052015406e-64  
  4.7487405061e+00  8.4782915123e-59  2.7715916633e-64  
  4.7530147999e+00  8.3733819505e-59  2.7383456222e-64  
  4.7572890938e+00  8.2696618156e-59  2.7054597877e-64  
  4.7615633877e+00  8.1671183960e-59  2.6729305646e-64  
  4.7658376816e+00  8.0657391145e-59  2.6407543922e-64  
  4.7701119755e+00  7.9655115268e-59  2.6089277438e-64  
  4.7743862694e+00  7.8664233198e-59  2.5774471267e-64  
  4.7786605633e+00  7.7684623105e-59  2.5463090811e-64  
  4.7829348571e+00  7.6716164444e-59  2.5155101806e-64  
  4.7872091510e+00  7.5758737941e-59  2.4850470315e-64  
  4.7914834449e+00  7.4812225576e-59  2.4549162724e-64  
  4.7957577388e+00  7.3876510575e-59  2.4251145741e-64  
  4.8000320327e+00  7.2951477392e-59  2.3956386392e-64  
  4.8043063266e+00  7.2037011694e-59  2.3664852018e-64  
  4.8085806204e+00  7.1133000354e-59  2.3376510269e-64  
  4.8128549143e+00  7.0239331431e-59  2.3091329109e-64  
  4.8171292082e+00  6.9355894161e-59  2.2809276803e-64  
  4.8214035021e+00  6.8482578941e-59  2.2530321921e-64  
  4.8256777960e+00  6.7619277321e-59  2.2254433333e-64  
  4.8299520899e+00  6.6765881985e-59  2.1981580205e-64  
  4.8342263838e+00  6.5922286745e-59  2.1711731998e-64  
  4.8385006776e+00  6.5088386523e-59  2.1444858465e-64  
  4.8427749715e+00  6.4264077345e-59  2.1180929645e-64  
  4.8470492654e+00  6.3449256322e-59  2.0919915866e-64  
  4.8513235593e+00  6.2643821644e-59  2.0661787736e-64  
  4.8555978532e+00  6.1847672564e-59  2.0406516145e-64  
  4.8598721471e+00  6.1060709391e-59  2.0154072260e-64  
  4.8641464409e+00  6.0282833474e-59  1.9904427524e-64  
  4.8684207348e+00  5.9513947193e-59  1.9657553650e-64  
  4.8726950287e+00  5.8753953949e-59  1.9413422624e-64  
  4.8769693226e+00  5.8002758148e-59  1.9172006696e-64  
  4.8812436165e+00  5.7260265198e-59  1.8933278381e-64  
  4.8855179104e+00  5.6526381491e-59  1.8697210459e-64  
  4.8897922043e+00  5.5801014396e-59  1.8463775966e-64  
  4.8940664981e+00  5.5084072247e-59  1.8232948197e-64  
  4.8983407920e+00  5.4375464335e-59  1.8004700701e-64  
  4.9026150859e+00  5.3675100894e-59  1.7779007279e-64  
  4.9068893798e+00  5.2982893095e-59  1.7555841983e-64  
  4.9111636737e+00  5.2298753031e-59  1.7335179111e-64  
  4.9154379676e+00  5.1622593713e-59  1.7116993206e-64  
  4.9197122615e+00  5.0954329056e-59  1.6901259055e-64  
  4.9239865553e+00  5.0293873869e-59  1.6687951685e-64  
  4.9282608492e+00  4.9641143850e-59  1.6477046361e-64  
  4.9325351431e+00  4.8996055571e-59  1.6268518584e-64  
  4.9368094370e+00  4.8358526471e-59  1.6062344088e-64  
  4.9410837309e+00  4.7728474850e-59  1.5858498840e-64  
  4.9453580248e+00  4.7105819853e-59  1.5656959036e-64  
  4.9496323186e+00  4.6490481468e-59  1.5457701097e-64  
  4.9539066125e+00  4.5882380511e-59  1.5260701671e-64  
  4.9581809064e+00  4.5281438622e-59  1.5065937630e-64  
  4.9624552003e+00  4.4687578254e-59  1.4873386064e-64  
  4.9667294942e+00  4.4100722665e-59  1.4683024283e-64  
  4.9710037881e+00  4.3520795908e-59  1.4494829814e-64  
  4.9752780820e+00  4.2947722825e-59  1.4308780397e-64  
  4.9795523758e+00  4.2381429037e-59  1.4124853988e-64  
  4.9838266697e+00  4.1821840937e-59  1.3943028750e-64  
  4.9881009636e+00  4.1268885681e-59  1.3763283055e-64  
  4.9923752575e+00  4.0722491179e-59  1.3585595485e-64  
  4.9966495514e+00  4.0182586091e-59  1.3409944823e-64  
  5.0009238453e+00  3.9649099812e-59  1.3236310056e-64  
  5.0051981391e+00  3.9121962473e-59  1.3064670373e-64  
  5.0094724330e+00  3.8601104927e-59  1.2895005160e-64  
  5.0137467269e+00  3.8086458743e-59  1.2727294003e-64  
  5.0180210208e+00  3.7577956200e-59  1.2561516680e-64  
  5.0222953147e+00  3.7075530277e-59  1.2397653165e-64  
  5.0265696086e+00  3.6579114649e-59  1.2235683622e-64  
  5.0308439025e+00  3.6088643677e-59  1.2075588406e-64  
  5.0351181963e+00  3.5604052400e-59  1.1917348060e-64  
  5.0393924902e+00  3.5125276533e-59  1.1760943314e-64  
  5.0436667841e+00  3.4652252455e-59  1.1606355081e-64  
  5.0479410780e+00  3.4184917203e-59  1.1453564457e-64  
  5.0522153719e+00  3.3723208467e-59  1.1302552722e-64  
  5.0564896658e+00  3.3267064581e-59  1.1153301332e-64  
  5.0607639597e+00  3.2816424519e-59  1.1005791923e-64  
  5.0650382535e+00  3.2371227886e-59  1.0860006306e-64  
  5.0693125474e+00  3.1931414911e-59  1.0715926468e-64  
  5.0735868413e+00  3.1496926445e-59  1.0573534568e-64  
  5.0778611352e+00  3.1067703947e-59  1.0432812936e-64  
  5.0821354291e+00  3.0643689486e-59  1.0293744073e-64  
  5.0864097230e+00  3.0224825729e-59  1.0156310647e-64  
  5.0906840168e+00  2.9811055936e-59  1.0020495492e-64  
  5.0949583107e+00  2.9402323956e-59  9.8862816098e-65  
  5.0992326046e+00  2.8998574218e-59  9.7536521633e-65  
  5.1035068985e+00  2.8599751728e-59  9.6225904782e-65  
  5.1077811924e+00  2.8205802060e-59  9.4930800409e-65  
  5.1120554863e+00  2.7816671353e-59  9.3651044966e-65  
  5.1163297802e+00  2.7432306303e-59  9.2386476482e-65  
  5.1206040740e+00  2.7052654157e-59  9.1136934547e-65  
  5.1248783679e+00  2.6677662711e-59  8.9902260298e-65  
  5.1291526618e+00  2.6307280300e-59  8.8682296404e-65  
  5.1334269557e+00  2.5941455796e-59  8.7476887052e-65  
  5.1377012496e+00  2.5580138598e-59  8.6285877935e-65  
  5.1419755435e+00  2.5223278633e-59  8.5109116233e-65  
  5.1462498373e+00  2.4870826344e-59  8.3946450608e-65  
  5.1505241312e+00  2.4522732690e-59  8.2797731179e-65  
  5.1547984251e+00  2.4178949137e-59  8.1662809520e-65  
  5.1590727190e+00  2.3839427654e-59  8.0541538637e-65  
  5.1633470129e+00  2.3504120709e-59  7.9433772961e-65  
  5.1676213068e+00  2.3172981264e-59  7.8339368333e-65  
  5.1718956007e+00  2.2845962768e-59  7.7258181990e-65  
  5.1761698945e+00  2.2523019153e-59  7.6190072554e-65  
  5.1804441884e+00  2.2204104828e-59  7.5134900016e-65  
  5.1847184823e+00  2.1889174678e-59  7.4092525728e-65  
  5.1889927762e+00  2.1578184055e-59  7.3062812386e-65  
  5.1932670701e+00  2.1271088775e-59  7.2045624023e-65  
  5.1975413640e+00  2.0967845112e-59  7.1040825991e-65  
  5.2018156579e+00  2.0668409795e-59  7.0048284950e-65  
  5.2060899517e+00  2.0372740004e-59  6.9067868860e-65  
  5.2103642456e+00  2.0080793363e-59  6.8099446964e-65  
  5.2146385395e+00  1.9792527936e-59  6.7142889782e-65  
  5.2189128334e+00  1.9507902225e-59  6.6198069091e-65  
  5.2231871273e+00  1.9226875162e-59  6.5264857922e-65  
  5.2274614212e+00  1.8949406107e-59  6.4343130543e-65  
  5.2317357150e+00  1.8675454844e-59  6.3432762450e-65  
  5.2360100089e+00  1.8404981575e-59  6.2533630353e-65  
  5.2402843028e+00  1.8137946916e-59  6.1645612171e-65  
  5.2445585967e+00  1.7874311894e-59  6.0768587012e-65  
  5.2488328906e+00  1.7614037944e-59  5.9902435171e-65  
  5.2531071845e+00  1.7357086900e-59  5.9047038112e-65  
  5.2573814784e+00  1.7103420995e-59  5.8202278462e-65  
  5.2616557722e+00  1.6853002858e-59  5.7368039997e-65  
  5.2659300661e+00  1.6605795506e-59  5.6544207635e-65  
  5.2702043600e+00  1.6361762342e-59  5.5730667421e-65  
  5.2744786539e+00  1.6120867154e-59  5.4927306522e-65  
  5.2787529478e+00  1.5883074105e-59  5.4134013211e-65  
  5.2830272417e+00  1.5648347735e-59  5.3350676862e-65  
  5.2873015355e+00  1.5416652954e-59  5.2577187937e-65  
  5.2915758294e+00  1.5187955038e-59  5.1813437976e-65  
  5.2958501233e+00  1.4962219629e-59  5.1059319587e-65  
  5.3001244172e+00  1.4739412726e-59  5.0314726440e-65  
  5.3043987111e+00  1.4519500686e-59  4.9579553250e-65  
  5.3086730050e+00  1.4302450218e-59  4.8853695776e-65  
  5.3129472989e+00  1.4088228380e-59  4.8137050802e-65  
  5.3172215927e+00  1.3876802575e-59  4.7429516138e-65  
  5.3214958866e+00  1.3668140550e-59  4.6730990601e-65  
  5.3257701805e+00  1.3462210388e-59  4.6041374011e-65  
  5.3300444744e+00  1.3258980509e-59  4.5360567183e-65  
  5.3343187683e+00  1.3058419664e-59  4.4688471912e-65  
  5.3385930622e+00  1.2860496933e-59  4.4024990970e-65  
  5.3428673561e+00  1.2665181721e-59  4.3370028093e-65  
  5.3471416499e+00  1.2472443755e-59  4.2723487977e-65  
  5.3514159438e+00  1.2282253081e-59  4.2085276261e-65  
  5.3556902377e+00  1.2094580061e-59  4.1455299528e-65  
  5.3599645316e+00  1.1909395367e-59  4.0833465288e-65  
  5.3642388255e+00  1.1726669984e-59  4.0219681976e-65  
  5.3685131194e+00  1.1546375200e-59  3.9613858938e-65  
  5.3727874132e+00  1.1368482608e-59  3.9015906427e-65  
  5.3770617071e+00  1.1192964100e-59  3.8425735593e-65  
  5.3813360010e+00  1.1019791866e-59  3.7843258474e-65  
  5.3856102949e+00  1.0848938389e-59  3.7268387988e-65  
  5.3898845888e+00  1.0680376444e-59  3.6701037926e-65  
  5.3941588827e+00  1.0514079094e-59  3.6141122944e-65  
  5.3984331766e+00  1.0350019687e-59  3.5588558553e-65  
  5.4027074704e+00  1.0188171855e-59  3.5043261114e-65  
  5.4069817643e+00  1.0028509508e-59  3.4505147827e-65  
  5.4112560582e+00  9.8710068335e-60  3.3974136728e-65  
  5.4155303521e+00  9.7156382927e-60  3.3450146674e-65  
  5.4198046460e+00  9.5623786190e-60  3.2933097344e-65  
  5.4240789399e+00  9.4112028139e-60  3.2422909225e-65  
  5.4283532337e+00  9.2620861451e-60  3.1919503607e-65  
  5.4326275276e+00  9.1150041436e-60  3.1422802575e-65  
  5.4369018215e+00  8.9699326011e-60  3.0932729003e-65  
  5.4411761154e+00  8.8268475674e-60  3.0449206545e-65  
  5.4454504093e+00  8.6857253477e-60  2.9972159630e-65  
  5.4497247032e+00  8.5465425004e-60  2.9501513450e-65  
  5.4539989971e+00  8.4092758341e-60  2.9037193961e-65  
  5.4582732909e+00  8.2739024055e-60  2.8579127868e-65  
  5.4625475848e+00  8.1403995167e-60  2.8127242621e-65  
  5.4668218787e+00  8.0087447128e-60  2.7681466412e-65  
  5.4710961726e+00  7.8789157795e-60  2.7241728162e-65  
  5.4753704665e+00  7.7508907406e-60  2.6807957517e-65  
  5.4796447604e+00  7.6246478559e-60  2.6380084843e-65  
  5.4839190543e+00  7.5001656184e-60  2.5958041215e-65  
  5.4881933481e+00  7.3774227524e-60  2.5541758415e-65  
  5.4924676420e+00  7.2563982108e-60  2.5131168923e-65  
  5.4967419359e+00  7.1370711732e-60  2.4726205911e-65  
  5.5010162298e+00  7.0194210435e-60  2.4326803237e-65  
  5.5052905237e+00  6.9034274474e-60  2.3932895438e-65  
  5.5095648176e+00  6.7890702305e-60  2.3544417723e-65  
  5.5138391114e+00  6.6763294560e-60  2.3161305969e-65  
  5.5181134053e+00  6.5651854025e-60  2.2783496714e-65  
  5.5223876992e+00  6.4556185620e-60  2.2410927149e-65  
  5.5266619931e+00  6.3476096374e-60  2.2043535114e-65  
  5.5309362870e+00  6.2411395408e-60  2.1681259091e-65  
  5.5352105809e+00  6.1361893911e-60  2.1324038200e-65  
  5.5394848748e+00  6.0327405123e-60  2.0971812189e-65  
  5.5437591686e+00  5.9307744310e-60  2.0624521433e-65  
  5.5480334625e+00  5.8302728747e-60  2.0282106923e-65  
  5.5523077564e+00  5.7312177695e-60  1.9944510267e-65  
  5.5565820503e+00  5.6335912386e-60  1.9611673676e-65  
  5.5608563442e+00  5.5373755997e-60  1.9283539965e-65  
  5.5651306381e+00  5.4425533636e-60  1.8960052546e-65  
  5.5694049319e+00  5.3491072320e-60  1.8641155420e-65  
  5.5736792258e+00  5.2570200954e-60  1.8326793173e-65  
  5.5779535197e+00  5.1662750318e-60  1.8016910970e-65  
  5.5822278136e+00  5.0768553043e-60  1.7711454553e-65  
  5.5865021075e+00  4.9887443592e-60  1.7410370229e-65  
  5.5907764014e+00  4.9019258246e-60  1.7113604871e-65  
  5.5950506953e+00  4.8163835083e-60  1.6821105909e-65  
  5.5993249891e+00  4.7321013960e-60  1.6532821327e-65  
  5.6035992830e+00  4.6490636496e-60  1.6248699656e-65  
  5.6078735769e+00  4.5672546054e-60  1.5968689970e-65  
  5.6121478708e+00  4.4866587723e-60  1.5692741881e-65  
  5.6164221647e+00  4.4072608300e-60  1.5420805531e-65  
  5.6206964586e+00  4.3290456275e-60  1.5152831594e-65  
  5.6249707525e+00  4.2519981814e-60  1.4888771263e-65  
  5.6292450463e+00  4.1761036739e-60  1.4628576249e-65  
  5.6335193402e+00  4.1013474513e-60  1.4372198777e-65  
  5.6377936341e+00  4.0277150228e-60  1.4119591581e-65  
  5.6420679280e+00  3.9551920579e-60  1.3870707895e-65  
  5.6463422219e+00  3.8837643857e-60  1.3625501454e-65  
  5.6506165158e+00  3.8134179927e-60  1.3383926485e-65  
  5.6548908096e+00  3.7441390218e-60  1.3145937707e-65  
  5.6591651035e+00  3.6759137699e-60  1.2911490320e-65  
  5.6634393974e+00  3.6087286871e-60  1.2680540007e-65  
  5.6677136913e+00  3.5425703750e-60  1.2453042923e-65  
  5.6719879852e+00  3.4774255846e-60  1.2228955698e-65  
  5.6762622791e+00  3.4132812157e-60  1.2008235424e-65  
  5.6805365730e+00  3.3501243146e-60  1.1790839659e-65  
  5.6848108668e+00  3.2879420732e-60  1.1576726415e-65  
  5.6890851607e+00  3.2267218271e-60  1.1365854162e-65  
  5.6933594546e+00  3.1664510544e-60  1.1158181813e-65  
  5.6976337485e+00  3.1071173743e-60  1.0953668732e-65  
  5.7019080424e+00  3.0487085454e-60  1.0752274718e-65  
  5.7061823363e+00  2.9912124644e-60  1.0553960010e-65  
  5.7104566301e+00  2.9346171650e-60  1.0358685277e-65  
  5.7147309240e+00  2.8789108161e-60  1.0166411618e-65  
  5.7190052179e+00  2.8240817206e-60  9.9771005546e-66  
  5.7232795118e+00  2.7701183140e-60  9.7907140285e-66  
  5.7275538057e+00  2.7170091633e-60  9.6072143975e-66  
  5.7318280996e+00  2.6647429652e-60  9.4265644315e-66  
