  4.2742938848e-03  1.1802737345e-57  7.4857077435e-63  
  8.5485877697e-03  1.1804244631e-57  7.4868191890e-63  
  1.2822881655e-02  1.1806756847e-57  7.4886716873e-63  
  1.7097175539e-02  1.1810274105e-57  7.4912653723e-63  
  2.1371469424e-02  1.1814796563e-57  7.4946004312e-63  
  2.5645763309e-02  1.1820324420e-57  7.4986771050e-63  
  2.9920057194e-02  1.1826857921e-57  7.5034956883e-63  
  3.4194351079e-02  1.1834397358e-57  7.5090565293e-63  
  3.8468644964e-02  1.1842943064e-57  7.5153600300e-63  
  4.2742938848e-02  1.1852495420e-57  7.5224066462e-63  
  4.7017232733e-02  1.1863054850e-57  7.5301968877e-63  
  5.1291526618e-02  1.1874621824e-57  7.5387313182e-63  
  5.5565820503e-02  1.1887196855e-57  7.5480105555e-63  
  5.9840114388e-02  1.1900780504e-57  7.5580352717e-63  
  6.4114408273e-02  1.1915373374e-57  7.5688061933e-63  
  6.8388702157e-02  1.1930976115e-57  7.5803241012e-63  
  7.2662996042e-02  1.1947589423e-57  7.5925898308e-63  
  7.6937289927e-02  1.1965214038e-57  7.6056042726e-63  
  8.1211583812e-02  1.1983850746e-57  7.6193683718e-63  
  8.5485877697e-02  1.2003500377e-57  7.6338831288e-63  
  8.9760171582e-02  1.2024163811e-57  7.6491495993e-63  
  9.4034465467e-02  1.2045841968e-57  7.6651688946e-63  
  9.8308759351e-02  1.2068535819e-57  7.6819421816e-63  
  1.0258305324e-01  1.2092246378e-57  7.6994706834e-63  
  1.0685734712e-01  1.2116974706e-57  7.7177556788e-63  
  1.1113164101e-01  1.2142721912e-57  7.7367985036e-63  
  1.1540593489e-01  1.2169489150e-57  7.7566005497e-63  
  1.1968022878e-01  1.2197277620e-57  7.7771632663e-63  
  1.2395452266e-01  1.2226088571e-57  7.7984881597e-63  
  1.2822881655e-01  1.2255923296e-57  7.8205767936e-63  
  1.3250311043e-01  1.2286783139e-57  7.8434307895e-63  
  1.3677740431e-01  1.2318669488e-57  7.8670518272e-63  
  1.4105169820e-01  1.2351583781e-57  7.8914416447e-63  
  1.4532599208e-01  1.2385527502e-57  7.9166020386e-63  
  1.4960028597e-01  1.2420502185e-57  7.9425348650e-63  
  1.5387457985e-01  1.2456509410e-57  7.9692420389e-63  
  1.5814887374e-01  1.2493550807e-57  7.9967255355e-63  
  1.6242316762e-01  1.2531628054e-57  8.0249873901e-63  
  1.6669746151e-01  1.2570742878e-57  8.0540296984e-63  
  1.7097175539e-01  1.2610897056e-57  8.0838546171e-63  
  1.7524604928e-01  1.2652092413e-57  8.1144643645e-63  
  1.7952034316e-01  1.2694330825e-57  8.1458612203e-63  
  1.8379463705e-01  1.2737614216e-57  8.1780475269e-63  
  1.8806893093e-01  1.2781944563e-57  8.2110256890e-63  
  1.9234322482e-01  1.2827323891e-57  8.2447981746e-63  
  1.9661751870e-01  1.2873754277e-57  8.2793675154e-63  
  2.0089181259e-01  1.2921237849e-57  8.3147363071e-63  
  2.0516610647e-01  1.2969776785e-57  8.3509072101e-63  
  2.0944040036e-01  1.3019373317e-57  8.3878829499e-63  
  2.1371469424e-01  1.3070029728e-57  8.4256663177e-63  
  2.1798898813e-01  1.3121748353e-57  8.4642601710e-63  
  2.2226328201e-01  1.3174531578e-57  8.5036674338e-63  
  2.2653757590e-01  1.3228381846e-57  8.5438910978e-63  
  2.3081186978e-01  1.3283301651e-57  8.5849342225e-63  
  2.3508616367e-01  1.3339293539e-57  8.6267999357e-63  
  2.3936045755e-01  1.3396360113e-57  8.6694914348e-63  
  2.4363475144e-01  1.3454504030e-57  8.7130119866e-63  
  2.4790904532e-01  1.3513727999e-57  8.7573649286e-63  
  2.5218333921e-01  1.3574034789e-57  8.8025536692e-63  
  2.5645763309e-01  1.3635427220e-57  8.8485816888e-63  
  2.6073192698e-01  1.3697908171e-57  8.8954525400e-63  
  2.6500622086e-01  1.3761480576e-57  8.9431698489e-63  
  2.6928051475e-01  1.3826147427e-57  8.9917373153e-63  
  2.7355480863e-01  1.3891911771e-57  9.0411587136e-63  
  2.7782910251e-01  1.3958776716e-57  9.0914378939e-63  
  2.8210339640e-01  1.4026745426e-57  9.1425787821e-63  
  2.8637769028e-01  1.4095821123e-57  9.1945853816e-63  
  2.9065198417e-01  1.4166007091e-57  9.2474617730e-63  
  2.9492627805e-01  1.4237306672e-57  9.3012121161e-63  
  2.9920057194e-01  1.4309723267e-57  9.3558406499e-63  
  3.0347486582e-01  1.4383260339e-57  9.4113516937e-63  
  3.0774915971e-01  1.4457921413e-57  9.4677496483e-63  
  3.1202345359e-01  1.4533710072e-57  9.5250389963e-63  
  3.1629774748e-01  1.4610629966e-57  9.5832243038e-63  
  3.2057204136e-01  1.4688684804e-57  9.6423102205e-63  
  3.2484633525e-01  1.4767878360e-57  9.7023014814e-63  
  3.2912062913e-01  1.4848214472e-57  9.7632029074e-63  
  3.3339492302e-01  1.4929697041e-57  9.8250194063e-63  
  3.3766921690e-01  1.5012330034e-57  9.8877559740e-63  
  3.4194351079e-01  1.5096117484e-57  9.9514176955e-63  
  3.4621780467e-01  1.5181063490e-57  1.0016009746e-62  
  3.5049209856e-01  1.5267172216e-57  1.0081537391e-62  
  3.5476639244e-01  1.5354447896e-57  1.0148005991e-62  
  3.5904068633e-01  1.5442894830e-57  1.0215420996e-62  
  3.6331498021e-01  1.5532517389e-57  1.0283787955e-62  
  3.6758927410e-01  1.5623320012e-57  1.0353112509e-62  
  3.7186356798e-01  1.5715307207e-57  1.0423400398e-62  
  3.7613786187e-01  1.5808483555e-57  1.0494657462e-62  
  3.8041215575e-01  1.5902853707e-57  1.0566889636e-62  
  3.8468644964e-01  1.5998422388e-57  1.0640102961e-62  
  3.8896074352e-01  1.6095194392e-57  1.0714303576e-62  
  3.9323503741e-01  1.6193174592e-57  1.0789497726e-62  
  3.9750933129e-01  1.6292367930e-57  1.0865691761e-62  
  4.0178362518e-01  1.6392779428e-57  1.0942892135e-62  
  4.0605791906e-01  1.6494414180e-57  1.1021105412e-62  
  4.1033221294e-01  1.6597277360e-57  1.1100338265e-62  
  4.1460650683e-01  1.6701374218e-57  1.1180597477e-62  
  4.1888080071e-01  1.6806710081e-57  1.1261889943e-62  
  4.2315509460e-01  1.6913290358e-57  1.1344222672e-62  
  4.2742938848e-01  1.7021120537e-57  1.1427602789e-62  
  4.3170368237e-01  1.7130206185e-57  1.1512037536e-62  
  4.3597797625e-01  1.7240552954e-57  1.1597534272e-62  
  4.4025227014e-01  1.7352166577e-57  1.1684100478e-62  
  4.4452656402e-01  1.7465052871e-57  1.1771743756e-62  
  4.4880085791e-01  1.7579217737e-57  1.1860471833e-62  
  4.5307515179e-01  1.7694667163e-57  1.1950292561e-62  
  4.5734944568e-01  1.7811407221e-57  1.2041213917e-62  
  4.6162373956e-01  1.7929444073e-57  1.2133244012e-62  
  4.6589803345e-01  1.8048783967e-57  1.2226391084e-62  
  4.7017232733e-01  1.8169433244e-57  1.2320663505e-62  
  4.7444662122e-01  1.8291398332e-57  1.2416069784e-62  
  4.7872091510e-01  1.8414685751e-57  1.2512618565e-62  
  4.8299520899e-01  1.8539302116e-57  1.2610318631e-62  
  4.8726950287e-01  1.8665254134e-57  1.2709178909e-62  
  4.9154379676e-01  1.8792548606e-57  1.2809208465e-62  
  4.9581809064e-01  1.8921192431e-57  1.2910416515e-62  
  5.0009238453e-01  1.9051192603e-57  1.3012812419e-62  
  5.0436667841e-01  1.9182556215e-57  1.3116405690e-62  
  5.0864097230e-01  1.9315290461e-57  1.3221205991e-62  
  5.1291526618e-01  1.9449402633e-57  1.3327223142e-62  
  5.1718956007e-01  1.9584900126e-57  1.3434467118e-62  
  5.2146385395e-01  1.9721790438e-57  1.3542948056e-62  
  5.2573814784e-01  1.9860081173e-57  1.3652676254e-62  
  5.3001244172e-01  1.9999780037e-57  1.3763662173e-62  
  5.3428673561e-01  2.0140894846e-57  1.3875916444e-62  
  5.3856102949e-01  2.0283433523e-57  1.3989449867e-62  
  5.4283532337e-01  2.0427404101e-57  1.4104273416e-62  
  5.4710961726e-01  2.0572814724e-57  1.4220398238e-62  
  5.5138391114e-01  2.0719673649e-57  1.4337835661e-62  
  5.5565820503e-01  2.0867989244e-57  1.4456597193e-62  
  5.5993249891e-01  2.1017769996e-57  1.4576694527e-62  
  5.6420679280e-01  2.1169024507e-57  1.4698139542e-62  
  5.6848108668e-01  2.1321761497e-57  1.4820944310e-62  
  5.7275538057e-01  2.1475989806e-57  1.4945121095e-62  
  5.7702967445e-01  2.1631718397e-57  1.5070682357e-62  
  5.8130396834e-01  2.1788956352e-57  1.5197640759e-62  
  5.8557826222e-01  2.1947712882e-57  1.5326009165e-62  
  5.8985255611e-01  2.2107997322e-57  1.5455800646e-62  
  5.9412684999e-01  2.2269819133e-57  1.5587028486e-62  
  5.9840114388e-01  2.2433187910e-57  1.5719706182e-62  
  6.0267543776e-01  2.2598113375e-57  1.5853847446e-62  
  6.0694973165e-01  2.2764605386e-57  1.5989466215e-62  
  6.1122402553e-01  2.2932673933e-57  1.6126576651e-62  
  6.1549831942e-01  2.3102329146e-57  1.6265193144e-62  
  6.1977261330e-01  2.3273581289e-57  1.6405330318e-62  
  6.2404690719e-01  2.3446440771e-57  1.6547003033e-62  
  6.2832120107e-01  2.3620918140e-57  1.6690226393e-62  
  6.3259549496e-01  2.3797024090e-57  1.6835015745e-62  
  6.3686978884e-01  2.3974769459e-57  1.6981386689e-62  
  6.4114408273e-01  2.4154165236e-57  1.7129355078e-62  
  6.4541837661e-01  2.4335222558e-57  1.7278937024e-62  
  6.4969267050e-01  2.4517952715e-57  1.7430148902e-62  
  6.5396696438e-01  2.4702367152e-57  1.7583007358e-62  
  6.5824125827e-01  2.4888477470e-57  1.7737529310e-62  
  6.6251555215e-01  2.5076295428e-57  1.7893731953e-62  
  6.6678984604e-01  2.5265832948e-57  1.8051632767e-62  
  6.7106413992e-01  2.5457102113e-57  1.8211249521e-62  
  6.7533843380e-01  2.5650115174e-57  1.8372600277e-62  
  6.7961272769e-01  2.5844884547e-57  1.8535703396e-62  
  6.8388702157e-01  2.6041422822e-57  1.8700577544e-62  
  6.8816131546e-01  2.6239742759e-57  1.8867241698e-62  
  6.9243560934e-01  2.6439857294e-57  1.9035715152e-62  
  6.9670990323e-01  2.6641779541e-57  1.9206017520e-62  
  7.0098419711e-01  2.6845522794e-57  1.9378168746e-62  
  7.0525849100e-01  2.7051100532e-57  1.9552189107e-62  
  7.0953278488e-01  2.7258526417e-57  1.9728099223e-62  
  7.1380707877e-01  2.7467814301e-57  1.9905920060e-62  
  7.1808137265e-01  2.7678978226e-57  2.0085672937e-62  
  7.2235566654e-01  2.7892032430e-57  2.0267379535e-62  
  7.2662996042e-01  2.8106991346e-57  2.0451061902e-62  
  7.3090425431e-01  2.8323869607e-57  2.0636742460e-62  
  7.3517854819e-01  2.8542682050e-57  2.0824444015e-62  
  7.3945284208e-01  2.8763443717e-57  2.1014189761e-62  
  7.4372713596e-01  2.8986169859e-57  2.1206003289e-62  
  7.4800142985e-01  2.9210875939e-57  2.1399908594e-62  
  7.5227572373e-01  2.9437577634e-57  2.1595930085e-62  
  7.5655001762e-01  2.9666290843e-57  2.1794092592e-62  
  7.6082431150e-01  2.9897031683e-57  2.1994421374e-62  
  7.6509860539e-01  3.0129816498e-57  2.2196942126e-62  
  7.6937289927e-01  3.0364661860e-57  2.2401680992e-62  
  7.7364719316e-01  3.0601584575e-57  2.2608664571e-62  
  7.7792148704e-01  3.0840601682e-57  2.2817919924e-62  
  7.8219578093e-01  3.1081730462e-57  2.3029474590e-62  
  7.8647007481e-01  3.1324988436e-57  2.3243356589e-62  
  7.9074436870e-01  3.1570393375e-57  2.3459594435e-62  
  7.9501866258e-01  3.1817963299e-57  2.3678217145e-62  
  7.9929295647e-01  3.2067716483e-57  2.3899254252e-62  
  8.0356725035e-01  3.2319671461e-57  2.4122735812e-62  
  8.0784154424e-01  3.2573847028e-57  2.4348692415e-62  
  8.1211583812e-01  3.2830262248e-57  2.4577155199e-62  
  8.1639013200e-01  3.3088936456e-57  2.4808155860e-62  
  8.2066442589e-01  3.3349889260e-57  2.5041726663e-62  
  8.2493871977e-01  3.3613140552e-57  2.5277900455e-62  
  8.2921301366e-01  3.3878710503e-57  2.5516710674e-62  
  8.3348730754e-01  3.4146619577e-57  2.5758191369e-62  
  8.3776160143e-01  3.4416888529e-57  2.6002377203e-62  
  8.4203589531e-01  3.4689538415e-57  2.6249303476e-62  
  8.4631018920e-01  3.4964590590e-57  2.6499006129e-62  
  8.5058448308e-01  3.5242066721e-57  2.6751521767e-62  
  8.5485877697e-01  3.5521988786e-57  2.7006887665e-62  
  8.5913307085e-01  3.5804379081e-57  2.7265141791e-62  
  8.6340736474e-01  3.6089260226e-57  2.7526322813e-62  
  8.6768165862e-01  3.6376655169e-57  2.7790470119e-62  
  8.7195595251e-01  3.6666587194e-57  2.8057623831e-62  
  8.7623024639e-01  3.6959079920e-57  2.8327824822e-62  
  8.8050454028e-01  3.7254157318e-57  2.8601114733e-62  
  8.8477883416e-01  3.7551843704e-57  2.8877535988e-62  
  8.8905312805e-01  3.7852163754e-57  2.9157131814e-62  
  8.9332742193e-01  3.8155142506e-57  2.9439946257e-62  
  8.9760171582e-01  3.8460805368e-57  2.9726024201e-62  
  9.0187600970e-01  3.8769178122e-57  3.0015411386e-62  
  9.0615030359e-01  3.9080286932e-57  3.0308154430e-62  
  9.1042459747e-01  3.9394158351e-57  3.0604300847e-62  
  9.1469889136e-01  3.9710819324e-57  3.0903899066e-62  
  9.1897318524e-01  4.0030297200e-57  3.1206998454e-62  
  9.2324747913e-01  4.0352619736e-57  3.1513649338e-62  
  9.2752177301e-01  4.0677815103e-57  3.1823903026e-62  
  9.3179606690e-01  4.1005911896e-57  3.2137811829e-62  
  9.3607036078e-01  4.1336939140e-57  3.2455429086e-62  
  9.4034465467e-01  4.1670926295e-57  3.2776809186e-62  
  9.4461894855e-01  4.2007903268e-57  3.3102007596e-62  
  9.4889324243e-01  4.2347900418e-57  3.3431080883e-62  
  9.5316753632e-01  4.2690948565e-57  3.3764086740e-62  
  9.5744183020e-01  4.3037078998e-57  3.4101084015e-62  
  9.6171612409e-01  4.3386323481e-57  3.4442132738e-62  
  9.6599041797e-01  4.3738714266e-57  3.4787294149e-62  
  9.7026471186e-01  4.4094284098e-57  3.5136630724e-62  
  9.7453900574e-01  4.4453066224e-57  3.5490206210e-62  
  9.7881329963e-01  4.4815094404e-57  3.5848085654e-62  
  9.8308759351e-01  4.5180402920e-57  3.6210335431e-62  
  9.8736188740e-01  4.5549026581e-57  3.6577023281e-62  
  9.9163618128e-01  4.5921000740e-57  3.6948218343e-62  
  9.9591047517e-01  4.6296361298e-57  3.7323991183e-62  
  1.0001847691e+00  4.6675144715e-57  3.7704413837e-62  
  1.0044590629e+00  4.7057388021e-57  3.8089559844e-62  
  1.0087333568e+00  4.7443128828e-57  3.8479504282e-62  
  1.0130076507e+00  4.7832405338e-57  3.8874323808e-62  
  1.0172819446e+00  4.8225256354e-57  3.9274096701e-62  
  1.0215562385e+00  4.8621721294e-57  3.9678902897e-62  
  1.0258305324e+00  4.9021840199e-57  4.0088824035e-62  
  1.0301048262e+00  4.9425653746e-57  4.0503943499e-62  
  1.0343791201e+00  4.9833203260e-57  4.0924346464e-62  
  1.0386534140e+00  5.0244530726e-57  4.1350119941e-62  
  1.0429277079e+00  5.0659678802e-57  4.1781352823e-62  
  1.0472020018e+00  5.1078690829e-57  4.2218135939e-62  
  1.0514762957e+00  5.1501610848e-57  4.2660562096e-62  
  1.0557505896e+00  5.1928483609e-57  4.3108726140e-62  
  1.0600248834e+00  5.2359354590e-57  4.3562725002e-62  
  1.0642991773e+00  5.2794270004e-57  4.4022657759e-62  
  1.0685734712e+00  5.3233276817e-57  4.4488625686e-62  
  1.0728477651e+00  5.3676422765e-57  4.4960732319e-62  
  1.0771220590e+00  5.4123756363e-57  4.5439083511e-62  
  1.0813963529e+00  5.4575326923e-57  4.5923787498e-62  
  1.0856706467e+00  5.5031184571e-57  4.6414954963e-62  
  1.0899449406e+00  5.5491380260e-57  4.6912699099e-62  
  1.0942192345e+00  5.5955965788e-57  4.7417135682e-62  
  1.0984935284e+00  5.6424993813e-57  4.7928383138e-62  
  1.1027678223e+00  5.6898517871e-57  4.8446562619e-62  
  1.1070421162e+00  5.7376592395e-57  4.8971798077e-62  
  1.1113164101e+00  5.7859272728e-57  4.9504216339e-62  
  1.1155907039e+00  5.8346615146e-57  5.0043947194e-62  
  1.1198649978e+00  5.8838676875e-57  5.0591123469e-62  
  1.1241392917e+00  5.9335516106e-57  5.1145881118e-62  
  1.1284135856e+00  5.9837192022e-57  5.1708359312e-62  
  1.1326878795e+00  6.0343764812e-57  5.2278700527e-62  
  1.1369621734e+00  6.0855295693e-57  5.2857050640e-62  
  1.1412364673e+00  6.1371846932e-57  5.3443559027e-62  
  1.1455107611e+00  6.1893481865e-57  5.4038378664e-62  
  1.1497850550e+00  6.2420264921e-57  5.4641666231e-62  
  1.1540593489e+00  6.2952261645e-57  5.5253582220e-62  
  1.1583336428e+00  6.3489538716e-57  5.5874291048e-62  
  1.1626079367e+00  6.4032163976e-57  5.6503961168e-62  
  1.1668822306e+00  6.4580206454e-57  5.7142765195e-62  
  1.1711565244e+00  6.5133736384e-57  5.7790880025e-62  
  1.1754308183e+00  6.5692825239e-57  5.8448486963e-62  
  1.1797051122e+00  6.6257545750e-57  5.9115771860e-62  
  1.1839794061e+00  6.6827971937e-57  5.9792925244e-62  
  1.1882537000e+00  6.7404179131e-57  6.0480142465e-62  
  1.1925279939e+00  6.7986244009e-57  6.1177623841e-62  
  1.1968022878e+00  6.8574244616e-57  6.1885574814e-62  
  1.2010765816e+00  6.9168260397e-57  6.2604206102e-62  
  1.2053508755e+00  6.9768372226e-57  6.3333733866e-62  
  1.2096251694e+00  7.0374662439e-57  6.4074379878e-62  
  1.2138994633e+00  7.0987214862e-57  6.4826371698e-62  
  1.2181737572e+00  7.1606114844e-57  6.5589942855e-62  
  1.2224480511e+00  7.2231449293e-57  6.6365333034e-62  
  1.2267223449e+00  7.2863306707e-57  6.7152788275e-62  
  1.2309966388e+00  7.3501777208e-57  6.7952561177e-62  
  1.2352709327e+00  7.4146952582e-57  6.8764911101e-62  
  1.2395452266e+00  7.4798926310e-57  6.9590104399e-62  
  1.2438195205e+00  7.5457793608e-57  7.0428414633e-62  
  1.2480938144e+00  7.6123651468e-57  7.1280122813e-62  
  1.2523681083e+00  7.6796598693e-57  7.2145517643e-62  
  1.2566424021e+00  7.7476735941e-57  7.3024895774e-62  
  1.2609166960e+00  7.8164165762e-57  7.3918562067e-62  
  1.2651909899e+00  7.8858992647e-57  7.4826829869e-62  
  1.2694652838e+00  7.9561323066e-57  7.5750021293e-62  
  1.2737395777e+00  8.0271265518e-57  7.6688467523e-62  
  1.2780138716e+00  8.0988930572e-57  7.7642509112e-62  
  1.2822881655e+00  8.1714430918e-57  7.8612496310e-62  
  1.2865624593e+00  8.2447881412e-57  7.9598789390e-62  
  1.2908367532e+00  8.3189399132e-57  8.0601759000e-62  
  1.2951110471e+00  8.3939103423e-57  8.1621786521e-62  
  1.2993853410e+00  8.4697115952e-57  8.2659264442e-62  
  1.3036596349e+00  8.5463560762e-57  8.3714596748e-62  
  1.3079339288e+00  8.6238564329e-57  8.4788199333e-62  
  1.3122082226e+00  8.7022255618e-57  8.5880500415e-62  
  1.3164825165e+00  8.7814766138e-57  8.6991940986e-62  
  1.3207568104e+00  8.8616230009e-57  8.8122975263e-62  
  1.3250311043e+00  8.9426784020e-57  8.9274071173e-62  
  1.3293053982e+00  9.0246567690e-57  9.0445710849e-62  
  1.3335796921e+00  9.1075723339e-57  9.1638391151e-62  
  1.3378539860e+00  9.1914396154e-57  9.2852624211e-62  
  1.3421282798e+00  9.2762734252e-57  9.4088937999e-62  
  1.3464025737e+00  9.3620888760e-57  9.5347876911e-62  
  1.3506768676e+00  9.4489013882e-57  9.6630002390e-62  
  1.3549511615e+00  9.5367266975e-57  9.7935893568e-62  
  1.3592254554e+00  9.6255808630e-57  9.9266147939e-62  
  1.3634997493e+00  9.7154802746e-57  1.0062138206e-61  
  1.3677740431e+00  9.8064416616e-57  1.0200223230e-61  
  1.3720483370e+00  9.8984821008e-57  1.0340935558e-61  
  1.3763226309e+00  9.9916190254e-57  1.0484343019e-61  
  1.3805969248e+00  1.0085870234e-56  1.0630515664e-61  
  1.3848712187e+00  1.0181253899e-56  1.0779525852e-61  
  1.3891455126e+00  1.0277788577e-56  1.0931448343e-61  
  1.3934198065e+00  1.0375493219e-56  1.1086360394e-61  
  1.3976941003e+00  1.0474387179e-56  1.1244341857e-61  
  1.4019683942e+00  1.0574490223e-56  1.1405475290e-61  
  1.4062426881e+00  1.0675822544e-56  1.1569846062e-61  
  1.4105169820e+00  1.0778404769e-56  1.1737542472e-61  
  1.4147912759e+00  1.0882257973e-56  1.1908655869e-61  
  1.4190655698e+00  1.0987403687e-56  1.2083280779e-61  
  1.4233398637e+00  1.1093863915e-56  1.2261515039e-61  
  1.4276141575e+00  1.1201661140e-56  1.2443459939e-61  
  1.4318884514e+00  1.1310818344e-56  1.2629220363e-61  
  1.4361627453e+00  1.1421359015e-56  1.2818904952e-61  
  1.4404370392e+00  1.1533307162e-56  1.3012626257e-61  
  1.4447113331e+00  1.1646687332e-56  1.3210500916e-61  
  1.4489856270e+00  1.1761524620e-56  1.3412649830e-61  
  1.4532599208e+00  1.1877844686e-56  1.3619198352e-61  
  1.4575342147e+00  1.1995673771e-56  1.3830276484e-61  
  1.4618085086e+00  1.2115038711e-56  1.4046019086e-61  
  1.4660828025e+00  1.2235966953e-56  1.4266566097e-61  
  1.4703570964e+00  1.2358486575e-56  1.4492062760e-61  
  1.4746313903e+00  1.2482626298e-56  1.4722659873e-61  
  1.4789056842e+00  1.2608415508e-56  1.4958514037e-61  
  1.4831799780e+00  1.2735884274e-56  1.5199787934e-61  
  1.4874542719e+00  1.2865063364e-56  1.5446650604e-61  
  1.4917285658e+00  1.2995984269e-56  1.5699277752e-61  
  1.4960028597e+00  1.3128679219e-56  1.5957852060e-61  
  1.5002771536e+00  1.3263181206e-56  1.6222563525e-61  
  1.5045514475e+00  1.3399524007e-56  1.6493609811e-61  
  1.5088257413e+00  1.3537742202e-56  1.6771196620e-61  
  1.5131000352e+00  1.3677871202e-56  1.7055538094e-61  
  1.5173743291e+00  1.3819947269e-56  1.7346857226e-61  
  1.5216486230e+00  1.3964007544e-56  1.7645386302e-61  
  1.5259229169e+00  1.4110090068e-56  1.7951367373e-61  
  1.5301972108e+00  1.4258233813e-56  1.8265052748e-61  
  1.5344715047e+00  1.4408478706e-56  1.8586705517e-61  
  1.5387457985e+00  1.4560865658e-56  1.8916600109e-61  
  1.5430200924e+00  1.4715436593e-56  1.9255022884e-61  
  1.5472943863e+00  1.4872234478e-56  1.9602272752e-61  
  1.5515686802e+00  1.5031303357e-56  1.9958661846e-61  
  1.5558429741e+00  1.5192688377e-56  2.0324516221e-61  
  1.5601172680e+00  1.5356435826e-56  2.0700176605e-61  
  1.5643915619e+00  1.5522593168e-56  2.1085999199e-61  
  1.5686658557e+00  1.5691209074e-56  2.1482356518e-61  
  1.5729401496e+00  1.5862333465e-56  2.1889638303e-61  
  1.5772144435e+00  1.6036017545e-56  2.2308252471e-61  
  1.5814887374e+00  1.6212313843e-56  2.2738626146e-61  
  1.5857630313e+00  1.6391276255e-56  2.3181206744e-61  
  1.5900373252e+00  1.6572960084e-56  2.3636463141e-61  
  1.5943116190e+00  1.6757422088e-56  2.4104886912e-61  
  1.5985859129e+00  1.6944720520e-56  2.4586993657e-61  
  1.6028602068e+00  1.7134915180e-56  2.5083324418e-61  
  1.6071345007e+00  1.7328067463e-56  2.5594447191e-61  
  1.6114087946e+00  1.7524240408e-56  2.6120958547e-61  
  1.6156830885e+00  1.7723498753e-56  2.6663485367e-61  
  1.6199573824e+00  1.7925908989e-56  2.7222686696e-61  
  1.6242316762e+00  1.8131539416e-56  2.7799255733e-61  
  1.6285059701e+00  1.8340460204e-56  2.8393921968e-61  
  1.6327802640e+00  1.8552743451e-56  2.9007453468e-61  
  1.6370545579e+00  1.8768463249e-56  2.9640659340e-61  
  1.6413288518e+00  1.8987695750e-56  3.0294392371e-61  
  1.6456031457e+00  1.9210519232e-56  3.0969551869e-61  
  1.6498774395e+00  1.9437014172e-56  3.1667086725e-61  
  1.6541517334e+00  1.9667263319e-56  3.2387998703e-61  
  1.6584260273e+00  1.9901351772e-56  3.3133345991e-61  
  1.6627003212e+00  2.0139367058e-56  3.3904247025e-61  
  1.6669746151e+00  2.0381399215e-56  3.4701884626e-61  
  1.6712489090e+00  2.0627540880e-56  3.5527510459e-61  
  1.6755232029e+00  2.0877887375e-56  3.6382449858e-61  
  1.6797974967e+00  2.1132536803e-56  3.7268107044e-61  
  1.6840717906e+00  2.1391590144e-56  3.8185970777e-61  
  1.6883460845e+00  2.1655151356e-56  3.9137620482e-61  
  1.6926203784e+00  2.1923327477e-56  4.0124732887e-61  
  1.6968946723e+00  2.2196228739e-56  4.1149089236e-61  
  1.7011689662e+00  2.2473968677e-56  4.2212583123e-61  
  1.7054432601e+00  2.2756664248e-56  4.3317229009e-61  
  1.7097175539e+00  2.3044435958e-56  4.4465171495e-61  
  1.7139918478e+00  2.3337407984e-56  4.5658695424e-61  
  1.7182661417e+00  2.3635708310e-56  4.6900236897e-61  
  1.7225404356e+00  2.3939468871e-56  4.8192395298e-61  
  1.7268147295e+00  2.4248825687e-56  4.9537946429e-61  
  1.7310890234e+00  2.4563919025e-56  5.0939856878e-61  
  1.7353633172e+00  2.4884893551e-56  5.2401299750e-61  
  1.7396376111e+00  2.5211898494e-56  5.3925671906e-61  
  1.7439119050e+00  2.5545087820e-56  5.5516612870e-61  
  1.7481861989e+00  2.5884620407e-56  5.7178025597e-61  
  1.7524604928e+00  2.6230660235e-56  5.8914099307e-61  
  1.7567347867e+00  2.6583376580e-56  6.0729334603e-61  
  1.7610090806e+00  2.6942944215e-56  6.2628571165e-61  
  1.7652833744e+00  2.7309543623e-56  6.4617018274e-61  
  1.7695576683e+00  2.7683361221e-56  6.6700288534e-61  
  1.7738319622e+00  2.8064589587e-56  6.8884435142e-61  
  1.7781062561e+00  2.8453427706e-56  7.1175993143e-61  
  1.7823805500e+00  2.8850081219e-56  7.3582025136e-61  
  1.7866548439e+00  2.9254762689e-56  7.6110171983e-61  
  1.7909291377e+00  2.9667691879e-56  7.8768709118e-61  
  1.7952034316e+00  3.0089096035e-56  8.1566609172e-61  
  1.7994777255e+00  3.0519210194e-56  8.4513611674e-61  
  1.8037520194e+00  3.0958277496e-56  8.7620300745e-61  
  1.8080263133e+00  3.1406549516e-56  9.0898191780e-61  
  1.8123006072e+00  3.1864286611e-56  9.4359828283e-61  
  1.8165749011e+00  3.2331758278e-56  9.8018890158e-61  
  1.8208491949e+00  3.2809243538e-56  1.0189031494e-60  
  1.8251234888e+00  3.3297031331e-56  1.0599043365e-60  
  1.8293977827e+00  3.3795420932e-56  1.1033712323e-60  
  1.8336720766e+00  3.4304722385e-56  1.1494997762e-60  
  1.8379463705e+00  3.4825256964e-56  1.1985050014e-60  
  1.8422206644e+00  3.5357357649e-56  1.2506231966e-60  
  1.8464949583e+00  3.5901369628e-56  1.3061143405e-60  
  1.8507692521e+00  3.6457650823e-56  1.3652648404e-60  
  1.8550435460e+00  3.7026572443e-56  1.4283906178e-60  
  1.8593178399e+00  3.7608519565e-56  1.4958405812e-60  
  1.8635921338e+00  3.8203891737e-56  1.5680005363e-60  
  1.8678664277e+00  3.8813103622e-56  1.6452975841e-60  
  1.8721407216e+00  3.9436585660e-56  1.7282050620e-60  
  1.8764150154e+00  4.0074784780e-56  1.8172480861e-60  
  1.8806893093e+00  4.0728165130e-56  1.9130097502e-60  
  1.8849636032e+00  4.1397208858e-56  2.0161380365e-60  
  1.8892378971e+00  4.2082416926e-56  2.1273534802e-60  
  1.8935121910e+00  4.2784309961e-56  2.2474576166e-60  
  1.8977864849e+00  4.3503429163e-56  2.3773422035e-60  
  1.9020607788e+00  4.4240337244e-56  2.5179991691e-60  
  1.9063350726e+00  4.4995619423e-56  2.6705311546e-60  
  1.9106093665e+00  4.5769884474e-56  2.8361624104e-60  
  1.9148836604e+00  4.6563765824e-56  3.0162496354e-60  
  1.9191579543e+00  4.7377922707e-56  3.2122921060e-60  
  1.9234322482e+00  4.8213041383e-56  3.4259400930e-60  
  1.9277065421e+00  4.9069836414e-56  3.6590000723e-60  
  1.9319808359e+00  4.9949052013e-56  3.9134345551e-60  
  1.9362551298e+00  5.0851463459e-56  4.1913534290e-60  
  1.9405294237e+00  5.1777878586e-56  4.4949924574e-60  
  1.9448037176e+00  5.2729139353e-56  4.8266729598e-60  
  1.9490780115e+00  5.3706123494e-56  5.1887346643e-60  
  1.9533523054e+00  5.4709746254e-56  5.5834313052e-60  
  1.9576265993e+00  5.5740962220e-56  6.0127759275e-60  
  1.9619008931e+00  5.6800767239e-56  6.4783204875e-60  
  1.9661751870e+00  5.7890200453e-56  6.9808531213e-60  
  1.9704494809e+00  5.9010346418e-56  7.5199979806e-60  
  1.9747237748e+00  6.0162337357e-56  8.0937093094e-60  
  1.9789980687e+00  6.1347355510e-56  8.6976669395e-60  
  1.9832723626e+00  6.2566635622e-56  9.3246085124e-60  
  1.9875466565e+00  6.3821467550e-56  9.9636773032e-60  
  1.9918209503e+00  6.5113199008e-56  1.0599921874e-59  
  1.9960952442e+00  6.6443238451e-56  1.1214143984e-59  
  2.0003695381e+00  6.7813058105e-56  1.1783329222e-59  
  2.0046438320e+00  6.9224197154e-56  1.2281872035e-59  
  2.0089181259e+00  7.0678265078e-56  1.2683683696e-59  
  2.0131924198e+00  7.2176945162e-56  1.2965036326e-59  
  2.0174667136e+00  7.3721998175e-56  1.3107698288e-59  
  2.0217410075e+00  7.5315266218e-56  1.3101677175e-59  
  2.0260153014e+00  7.6958676765e-56  1.2946852051e-59  
  2.0302895953e+00  7.8654246875e-56  1.2653022254e-59  
  2.0345638892e+00  8.0404087606e-56  1.2238354036e-59  
  2.0388381831e+00  8.2210408611e-56  1.1726669990e-59  
  2.0431124770e+00  8.4075522933e-56  1.1144294246e-59  
  2.0473867708e+00  8.6001851993e-56  1.0517152910e-59  
  2.0516610647e+00  8.7991930761e-56  9.8685993371e-60  
  2.0559353586e+00  9.0048413126e-56  9.2181324271e-60  
  2.0602096525e+00  9.2174077439e-56  8.5809305098e-60  
  2.0644839464e+00  9.4371832222e-56  7.9679901830e-60  
  2.0687582403e+00  9.6644722043e-56  7.3866305293e-60  
  2.0730325341e+00  9.8995933512e-56  6.8411592646e-60  
  2.0773068280e+00  1.0142880140e-55  6.3335584053e-60  
  2.0815811219e+00  1.0394681484e-55  5.8641063515e-60  
  2.0858554158e+00  1.0655362355e-55  5.4318987925e-60  
  2.0901297097e+00  1.0925304405e-55  5.0352604311e-60  
  2.0944040036e+00  1.1204906582e-55  4.6720559104e-60  
  2.0986782975e+00  1.1494585735e-55  4.3399155437e-60  
  2.1029525913e+00  1.1794777183e-55  4.0363931080e-60  
  2.1072268852e+00  1.2105935269e-55  3.7590717252e-60  
  2.1115011791e+00  1.2428533850e-55  3.5056313830e-60  
  2.1157754730e+00  1.2763066736e-55  3.2738889220e-60  
  2.1200497669e+00  1.3110048050e-55  3.0618187897e-60  
  2.1243240608e+00  1.3470012479e-55  2.8675607423e-60  
  2.1285983547e+00  1.3843515411e-55  2.6894189801e-60  
  2.1328726485e+00  1.4231132910e-55  2.5258559106e-60  
  2.1371469424e+00  1.4633461511e-55  2.3754827640e-60  
  2.1414212363e+00  1.5051117784e-55  2.2370485800e-60  
  2.1456955302e+00  1.5484737626e-55  2.1094285788e-60  
  2.1499698241e+00  1.5934975235e-55  1.9916125716e-60  
  2.1542441180e+00  1.6402501698e-55  1.8826938158e-60  
  2.1585184118e+00  1.6888003128e-55  1.7818585494e-60  
  2.1627927057e+00  1.7392178268e-55  1.6883763255e-60  
  2.1670669996e+00  1.7915735482e-55  1.6015911893e-60  
  2.1713412935e+00  1.8459389025e-55  1.5209136942e-60  
  2.1756155874e+00  1.9023854485e-55  1.4458137225e-60  
  2.1798898813e+00  1.9609843264e-55  1.3758140592e-60  
  2.1841641752e+00  2.0218055970e-55  1.3104846599e-60  
  2.1884384690e+00  2.0849174562e-55  1.2494375486e-60  
  2.1927127629e+00  2.1503853083e-55  1.1923222865e-60  
  2.1969870568e+00  2.2182706805e-55  1.1388219486e-60  
  2.2012613507e+00  2.2886299603e-55  1.0886495569e-60  
  2.2055356446e+00  2.3615129357e-55  1.0415449163e-60  
  2.2098099385e+00  2.4369611195e-55  9.9727180954e-61  
  2.2140842323e+00  2.5150058384e-55  9.5561550861e-61  
  2.2183585262e+00  2.5956660692e-55  9.1638056600e-61  
  2.2226328201e+00  2.6789460070e-55  8.7938885343e-61  
  2.2269071140e+00  2.7648323546e-55  8.4447781859e-61  
  2.2311814079e+00  2.8532913287e-55  8.1149893449e-61  
  2.2354557018e+00  2.9442653848e-55  7.8031631872e-61  
  2.2397299957e+00  3.0376696766e-55  7.5080550286e-61  
  2.2440042895e+00  3.1333882773e-55  7.2285233438e-61  
  2.2482785834e+00  3.2312702094e-55  6.9635199581e-61  
  2.2525528773e+00  3.3311253495e-55  6.7120812765e-61  
  2.2568271712e+00  3.4327203018e-55  6.4733204298e-61  
  2.2611014651e+00  3.5357743598e-55  6.2464202361e-61  
  2.2653757590e+00  3.6399557100e-55  6.0306268831e-61  
  2.2696500529e+00  3.7448780643e-55  5.8252442526e-61  
  2.2739243467e+00  3.8500979383e-55  5.6296288140e-61  
  2.2781986406e+00  3.9551128292e-55  5.4431850263e-61  
  2.2824729345e+00  4.0593605659e-55  5.2653611913e-61  
  2.2867472284e+00  4.1622201252e-55  5.0956457109e-61  
  2.2910215223e+00  4.2630142024e-55  4.9335637030e-61  
  2.2952958162e+00  4.3610138126e-55  4.7786739413e-61  
  2.2995701100e+00  4.4554451505e-55  4.6305660816e-61  
  2.3038444039e+00  4.5454988713e-55  4.4888581469e-61  
  2.3081186978e+00  4.6303418512e-55  4.3531942444e-61  
  2.3123929917e+00  4.7091313618e-55  4.2232424899e-61  
  2.3166672856e+00  4.7810314363e-55  4.0986931199e-61  
  2.3209415795e+00  4.8452310408e-55  3.9792567710e-61  
  2.3252158734e+00  4.9009634880e-55  3.8646629124e-61  
  2.3294901672e+00  4.9475263743e-55  3.7546584139e-61  
  2.3337644611e+00  4.9843011915e-55  3.6490062382e-61  
  2.3380387550e+00  5.0107716807e-55  3.5474842448e-61  
  2.3423130489e+00  5.0265399833e-55  3.4498840950e-61  
  2.3465873428e+00  5.0313396942e-55  3.3560102480e-61  
  2.3508616367e+00  5.0250450588e-55  3.2656790408e-61  
  2.3551359305e+00  5.0076757499e-55  3.1787178431e-61  
  2.3594102244e+00  4.9793969193e-55  3.0949642805e-61  
  2.3636845183e+00  4.9405144975e-55  3.0142655206e-61  
  2.3679588122e+00  4.8914660067e-55  2.9364776148e-61  
  2.3722331061e+00  4.8328074122e-55  2.8614648931e-61  
  2.3765074000e+00  4.7651967545e-55  2.7890994052e-61  
  2.3807816939e+00  4.6893754500e-55  2.7192604046e-61  
  2.3850559877e+00  4.6061482250e-55  2.6518338724e-61  
  2.3893302816e+00  4.5163626379e-55  2.5867120771e-61  
  2.3936045755e+00  4.4208890810e-55  2.5237931671e-61  
  2.3978788694e+00  4.3206020211e-55  2.4629807932e-61  
  2.4021531633e+00  4.2163630836e-55  2.4041837596e-61  
  2.4064274572e+00  4.1090064043e-55  2.3473156994e-61  
  2.4107017511e+00  3.9993264968e-55  2.2922947735e-61  
  2.4149760449e+00  3.8880687227e-55  2.2390433921e-61  
  2.4192503388e+00  3.7759223089e-55  2.1874879541e-61  
  2.4235246327e+00  3.6635157526e-55  2.1375586062e-61  
  2.4277989266e+00  3.5514143708e-55  2.0891890181e-61  
  2.4320732205e+00  3.4401197079e-55  2.0423161730e-61  
  2.4363475144e+00  3.3300704893e-55  1.9968801729e-61  
  2.4406218082e+00  3.2216448095e-55  1.9528240565e-61  
  2.4448961021e+00  3.1151632581e-55  1.9100936294e-61  
  2.4491703960e+00  3.0108927159e-55  1.8686373060e-61  
  2.4534446899e+00  2.9090505819e-55  1.8284059610e-61  
  2.4577189838e+00  2.8098092331e-55  1.7893527913e-61  
  2.4619932777e+00  2.7133005528e-55  1.7514331865e-61  
  2.4662675716e+00  2.6196203982e-55  1.7146046075e-61  
  2.4705418654e+00  2.5288329094e-55  1.6788264733e-61  
  2.4748161593e+00  2.4409745892e-55  1.6440600542e-61  
  2.4790904532e+00  2.3560581075e-55  1.6102683728e-61  
  2.4833647471e+00  2.2740758011e-55  1.5774161095e-61  
  2.4876390410e+00  2.1950028569e-55  1.5454695156e-61  
  2.4919133349e+00  2.1188001771e-55  1.5143963301e-61  
  2.4961876287e+00  2.0454169349e-55  1.4841657028e-61  
  2.5004619226e+00  1.9747928331e-55  1.4547481210e-61  
  2.5047362165e+00  1.9068600871e-55  1.4261153411e-61  
  2.5090105104e+00  1.8415451486e-55  1.3982403243e-61  
  2.5132848043e+00  1.7787701968e-55  1.3710971757e-61  
  2.5175590982e+00  1.7184544161e-55  1.3446610869e-61  
  2.5218333921e+00  1.6605150832e-55  1.3189082827e-61  
  2.5261076859e+00  1.6048684860e-55  1.2938159695e-61  
  2.5303819798e+00  1.5514306916e-55  1.2693622878e-61  
  2.5346562737e+00  1.5001181843e-55  1.2455262672e-61  
  2.5389305676e+00  1.4508483878e-55  1.2222877827e-61  
  2.5432048615e+00  1.4035400895e-55  1.1996275156e-61  
  2.5474791554e+00  1.3581137779e-55  1.1775269142e-61  
  2.5517534493e+00  1.3144919078e-55  1.1559681585e-61  
  2.5560277431e+00  1.2725991018e-55  1.1349341256e-61  
  2.5603020370e+00  1.2323622990e-55  1.1144083577e-61  
  2.5645763309e+00  1.1937108593e-55  1.0943750316e-61  
  2.5688506248e+00  1.1565766293e-55  1.0748189294e-61  
  2.5731249187e+00  1.1208939777e-55  1.0557254112e-61  
  2.5773992126e+00  1.0865998040e-55  1.0370803895e-61  
  2.5816735064e+00  1.0536335266e-55  1.0188703039e-61  
  2.5859478003e+00  1.0219370536e-55  1.0010820981e-61  
  2.5902220942e+00  9.9145473988e-56  9.8370319792e-62  
  2.5944963881e+00  9.6213333268e-56  9.6672148964e-62  
  2.5987706820e+00  9.3392190983e-56  9.5012530055e-62  
  2.6030449759e+00  9.0677181087e-56  9.3390337967e-62  
  2.6073192698e+00  8.8063656391e-56  9.1804487978e-62  
  2.6115935636e+00  8.5547180928e-56  9.0253934025e-62  
  2.6158678575e+00  8.3123522129e-56  8.8737667069e-62  
  2.6201421514e+00  8.0788642909e-56  8.7254713548e-62  
  2.6244164453e+00  7.8538693739e-56  8.5804133891e-62  
  2.6286907392e+00  7.6370004777e-56  8.4385021120e-62  
  2.6329650331e+00  7.4279078107e-56  8.2996499505e-62  
  2.6372393269e+00  7.2262580126e-56  8.1637723288e-62  
  2.6415136208e+00  7.0317334125e-56  8.0307875471e-62  
  2.6457879147e+00  6.8440313068e-56  7.9006166652e-62  
  2.6500622086e+00  6.6628632606e-56  7.7731833923e-62  
  2.6543365025e+00  6.4879544328e-56  7.6484139818e-62  
  2.6586107964e+00  6.3190429261e-56  7.5262371300e-62  
  2.6628850903e+00  6.1558791628e-56  7.4065838809e-62  
  2.6671593841e+00  5.9982252859e-56  7.2893875341e-62  
  2.6714336780e+00  5.8458545854e-56  7.1745835577e-62  
  2.6757079719e+00  5.6985509500e-56  7.0621095041e-62  
  2.6799822658e+00  5.5561083444e-56  6.9519049308e-62  
  2.6842565597e+00  5.4183303091e-56  6.8439113236e-62  
  2.6885308536e+00  5.2850294854e-56  6.7380720239e-62  
  2.6928051475e+00  5.1560271622e-56  6.6343321588e-62  
  2.6970794413e+00  5.0311528455e-56  6.5326385743e-62  
  2.7013537352e+00  4.9102438488e-56  6.4329397716e-62  
  2.7056280291e+00  4.7931449039e-56  6.3351858457e-62  
  2.7099023230e+00  4.6797077915e-56  6.2393284271e-62  
  2.7141766169e+00  4.5697909902e-56  6.1453206257e-62  
  2.7184509108e+00  4.4632593439e-56  6.0531169770e-62  
  2.7227252046e+00  4.3599837459e-56  5.9626733907e-62  
  2.7269994985e+00  4.2598408394e-56  5.8739471017e-62  
  2.7312737924e+00  4.1627127331e-56  5.7868966225e-62  
  2.7355480863e+00  4.0684867326e-56  5.7014816980e-62  
  2.7398223802e+00  3.9770550843e-56  5.6176632620e-62  
  2.7440966741e+00  3.8883147342e-56  5.5354033957e-62  
  2.7483709680e+00  3.8021670978e-56  5.4546652876e-62  
  2.7526452618e+00  3.7185178428e-56  5.3754131951e-62  
  2.7569195557e+00  3.6372766833e-56  5.2976124078e-62  
  2.7611938496e+00  3.5583571843e-56  5.2212292118e-62  
  2.7654681435e+00  3.4816765761e-56  5.1462308561e-62  
  2.7697424374e+00  3.4071555794e-56  5.0725855198e-62  
  2.7740167313e+00  3.3347182380e-56  5.0002622807e-62  
  2.7782910251e+00  3.2642917620e-56  4.9292310851e-62  
  2.7825653190e+00  3.1958063770e-56  4.8594627193e-62  
  2.7868396129e+00  3.1291951832e-56  4.7909287810e-62  
  2.7911139068e+00  3.0643940199e-56  4.7236016531e-62  
  2.7953882007e+00  3.0013413384e-56  4.6574544778e-62  
  2.7996624946e+00  2.9399780804e-56  4.5924611317e-62  
  2.8039367885e+00  2.8802475632e-56  4.5285962020e-62  
  2.8082110823e+00  2.8220953705e-56  4.4658349636e-62  
  2.8124853762e+00  2.7654692486e-56  4.4041533570e-62  
  2.8167596701e+00  2.7103190085e-56  4.3435279669e-62  
  2.8210339640e+00  2.6565964318e-56  4.2839360018e-62  
  2.8253082579e+00  2.6042551825e-56  4.2253552745e-62  
  2.8295825518e+00  2.5532507223e-56  4.1677641825e-62  
  2.8338568456e+00  2.5035402308e-56  4.1111416903e-62  
  2.8381311395e+00  2.4550825291e-56  4.0554673114e-62  
  2.8424054334e+00  2.4078380074e-56  4.0007210913e-62  
  2.8466797273e+00  2.3617685565e-56  3.9468835911e-62  
  2.8509540212e+00  2.3168375018e-56  3.8939358719e-62  
  2.8552283151e+00  2.2730095414e-56  3.8418594792e-62  
  2.8595026090e+00  2.2302506869e-56  3.7906364283e-62  
  2.8637769028e+00  2.1885282067e-56  3.7402491902e-62  
  2.8680511967e+00  2.1478105724e-56  3.6906806778e-62  
  2.8723254906e+00  2.1080674078e-56  3.6419142326e-62  
  2.8765997845e+00  2.0692694401e-56  3.5939336120e-62  
  2.8808740784e+00  2.0313884538e-56  3.5467229770e-62  
  2.8851483723e+00  1.9943972461e-56  3.5002668803e-62  
  2.8894226662e+00  1.9582695849e-56  3.4545502546e-62  
  2.8936969600e+00  1.9229801689e-56  3.4095584017e-62  
  2.8979712539e+00  1.8885045892e-56  3.3652769818e-62  
  2.9022455478e+00  1.8548192926e-56  3.3216920027e-62  
  2.9065198417e+00  1.8219015471e-56  3.2787898104e-62  
  2.9107941356e+00  1.7897294083e-56  3.2365570790e-62  
  2.9150684295e+00  1.7582816882e-56  3.1949808013e-62  
  2.9193427233e+00  1.7275379244e-56  3.1540482800e-62  
  2.9236170172e+00  1.6974783516e-56  3.1137471187e-62  
  2.9278913111e+00  1.6680838737e-56  3.0740652135e-62  
  2.9321656050e+00  1.6393360378e-56  3.0349907450e-62  
  2.9364398989e+00  1.6112170085e-56  2.9965121698e-62  
  2.9407141928e+00  1.5837095443e-56  2.9586182135e-62  
  2.9449884867e+00  1.5567969744e-56  2.9212978628e-62  
  2.9492627805e+00  1.5304631766e-56  2.8845403587e-62  
  2.9535370744e+00  1.5046925565e-56  2.8483351889e-62  
  2.9578113683e+00  1.4794700271e-56  2.8126720819e-62  
  2.9620856622e+00  1.4547809896e-56  2.7775409997e-62  
  2.9663599561e+00  1.4306113154e-56  2.7429321320e-62  
  2.9706342500e+00  1.4069473277e-56  2.7088358897e-62  
  2.9749085438e+00  1.3837757851e-56  2.6752428992e-62  
  2.9791828377e+00  1.3610838656e-56  2.6421439966e-62  
  2.9834571316e+00  1.3388591506e-56  2.6095302223e-62  
  2.9877314255e+00  1.3170896104e-56  2.5773928150e-62  
  2.9920057194e+00  1.2957635899e-56  2.5457232071e-62  
  2.9962800133e+00  1.2748697948e-56  2.5145130195e-62  
  3.0005543072e+00  1.2543972791e-56  2.4837540564e-62  
  3.0048286010e+00  1.2343354317e-56  2.4534383006e-62  
  3.0091028949e+00  1.2146739652e-56  2.4235579093e-62  
  3.0133771888e+00  1.1954029039e-56  2.3941052090e-62  
  3.0176514827e+00  1.1765125729e-56  2.3650726913e-62  
  3.0219257766e+00  1.1579935874e-56  2.3364530092e-62  
  3.0262000705e+00  1.1398368428e-56  2.3082389722e-62  
  3.0304743644e+00  1.1220335044e-56  2.2804235429e-62  
  3.0347486582e+00  1.1045749986e-56  2.2529998329e-62  
  3.0390229521e+00  1.0874530035e-56  2.2259610990e-62  
  3.0432972460e+00  1.0706594402e-56  2.1993007397e-62  
  3.0475715399e+00  1.0541864649e-56  2.1730122916e-62  
  3.0518458338e+00  1.0380264604e-56  2.1470894261e-62  
  3.0561201277e+00  1.0221720287e-56  2.1215259457e-62  
  3.0603944215e+00  1.0066159837e-56  2.0963157811e-62  
  3.0646687154e+00  9.9135134383e-57  2.0714529880e-62  
  3.0689430093e+00  9.7637132522e-57  2.0469317439e-62  
  3.0732173032e+00  9.6166933544e-57  2.0227463454e-62  
  3.0774915971e+00  9.4723896689e-57  1.9988912049e-62  
  3.0817658910e+00  9.3307399083e-57  1.9753608481e-62  
  3.0860401849e+00  9.1916835151e-57  1.9521499113e-62  
  3.0903144787e+00  9.0551616051e-57  1.9292531386e-62  
  3.0945887726e+00  8.9211169137e-57  1.9066653792e-62  
  3.0988630665e+00  8.7894937427e-57  1.8843815855e-62  
  3.1031373604e+00  8.6602379111e-57  1.8623968096e-62  
  3.1074116543e+00  8.5332967059e-57  1.8407062022e-62  
  3.1116859482e+00  8.4086188353e-57  1.8193050092e-62  
  3.1159602420e+00  8.2861543845e-57  1.7981885701e-62  
  3.1202345359e+00  8.1658547713e-57  1.7773523156e-62  
  3.1245088298e+00  8.0476727052e-57  1.7567917654e-62  
  3.1287831237e+00  7.9315621463e-57  1.7365025265e-62  
  3.1330574176e+00  7.8174782671e-57  1.7164802907e-62  
  3.1373317115e+00  7.7053774146e-57  1.6967208329e-62  
  3.1416060054e+00  7.5952170742e-57  1.6772200092e-62  
  3.1458802992e+00  7.4869558351e-57  1.6579737552e-62  
  3.1501545931e+00  7.3805533561e-57  1.6389780836e-62  
  3.1544288870e+00  7.2759703338e-57  1.6202290833e-62  
  3.1587031809e+00  7.1731684705e-57  1.6017229169e-62  
  3.1629774748e+00  7.0721104446e-57  1.5834558196e-62  
  3.1672517687e+00  6.9727598808e-57  1.5654240973e-62  
  3.1715260626e+00  6.8750813225e-57  1.5476241250e-62  
  3.1758003564e+00  6.7790402039e-57  1.5300523454e-62  
  3.1800746503e+00  6.6846028240e-57  1.5127052673e-62  
  3.1843489442e+00  6.5917363213e-57  1.4955794643e-62  
  3.1886232381e+00  6.5004086489e-57  1.4786715730e-62  
  3.1928975320e+00  6.4105885508e-57  1.4619782922e-62  
  3.1971718259e+00  6.3222455392e-57  1.4454963808e-62  
  3.2014461197e+00  6.2353498720e-57  1.4292226573e-62  
  3.2057204136e+00  6.1498725315e-57  1.4131539979e-62  
  3.2099947075e+00  6.0657852037e-57  1.3972873355e-62  
  3.2142690014e+00  5.9830602579e-57  1.3816196584e-62  
  3.2185432953e+00  5.9016707277e-57  1.3661480091e-62  
  3.2228175892e+00  5.8215902920e-57  1.3508694833e-62  
  3.2270918831e+00  5.7427932569e-57  1.3357812286e-62  
  3.2313661769e+00  5.6652545379e-57  1.3208804435e-62  
  3.2356404708e+00  5.5889496432e-57  1.3061643762e-62  
  3.2399147647e+00  5.5138546572e-57  1.2916303236e-62  
  3.2441890586e+00  5.4399462241e-57  1.2772756304e-62  
  3.2484633525e+00  5.3672015331e-57  1.2630976879e-62  
  3.2527376464e+00  5.2955983031e-57  1.2490939331e-62  
  3.2570119402e+00  5.2251147680e-57  1.2352618479e-62  
  3.2612862341e+00  5.1557296632e-57  1.2215989579e-62  
  3.2655605280e+00  5.0874222117e-57  1.2081028318e-62  
  3.2698348219e+00  5.0201721108e-57  1.1947710801e-62  
  3.2741091158e+00  4.9539595198e-57  1.1816013546e-62  
  3.2783834097e+00  4.8887650471e-57  1.1685913477e-62  
  3.2826577036e+00  4.8245697386e-57  1.1557387909e-62  
  3.2869319974e+00  4.7613550659e-57  1.1430414546e-62  
  3.2912062913e+00  4.6991029151e-57  1.1304971471e-62  
  3.2954805852e+00  4.6377955759e-57  1.1181037141e-62  
  3.2997548791e+00  4.5774157311e-57  1.1058590372e-62  
  3.3040291730e+00  4.5179464459e-57  1.0937610343e-62  
  3.3083034669e+00  4.4593711586e-57  1.0818076577e-62  
  3.3125777608e+00  4.4016736703e-57  1.0699968943e-62  
  3.3168520546e+00  4.3448381361e-57  1.0583267647e-62  
  3.3211263485e+00  4.2888490555e-57  1.0467953220e-62  
  3.3254006424e+00  4.2336912638e-57  1.0354006520e-62  
  3.3296749363e+00  4.1793499237e-57  1.0241408719e-62  
  3.3339492302e+00  4.1258105166e-57  1.0130141300e-62  
  3.3382235241e+00  4.0730588348e-57  1.0020186049e-62  
  3.3424978179e+00  4.0210809737e-57  9.9115250534e-63  
  3.3467721118e+00  3.9698633240e-57  9.8041406892e-63  
  3.3510464057e+00  3.9193925642e-57  9.6980156211e-63  
  3.3553206996e+00  3.8696556540e-57  9.5931327948e-63  
  3.3595949935e+00  3.8206398267e-57  9.4894754316e-63  
  3.3638692874e+00  3.7723325826e-57  9.3870270235e-63  
  3.3681435813e+00  3.7247216826e-57  9.2857713276e-63  
  3.3724178751e+00  3.6777951418e-57  9.1856923613e-63  
  3.3766921690e+00  3.6315412228e-57  9.0867743976e-63  
  3.3809664629e+00  3.5859484304e-57  8.9890019596e-63  
  3.3852407568e+00  3.5410055052e-57  8.8923598165e-63  
  3.3895150507e+00  3.4967014181e-57  8.7968329783e-63  
  3.3937893446e+00  3.4530253648e-57  8.7024066918e-63  
  3.3980636384e+00  3.4099667600e-57  8.6090664359e-63  
  3.4023379323e+00  3.3675152329e-57  8.5167979174e-63  
  3.4066122262e+00  3.3256606213e-57  8.4255870667e-63  
  3.4108865201e+00  3.2843929673e-57  8.3354200334e-63  
  3.4151608140e+00  3.2437025119e-57  8.2462831828e-63  
  3.4194351079e+00  3.2035796909e-57  8.1581630915e-63  
  3.4237094018e+00  3.1640151299e-57  8.0710465436e-63  
  3.4279836956e+00  3.1249996398e-57  7.9849205270e-63  
  3.4322579895e+00  3.0865242129e-57  7.8997722295e-63  
  3.4365322834e+00  3.0485800184e-57  7.8155890353e-63  
  3.4408065773e+00  3.0111583983e-57  7.7323585215e-63  
  3.4450808712e+00  2.9742508635e-57  7.6500684544e-63  
  3.4493551651e+00  2.9378490899e-57  7.5687067863e-63  
  3.4536294590e+00  2.9019449146e-57  7.4882616518e-63  
  3.4579037528e+00  2.8665303323e-57  7.4087213649e-63  
  3.4621780467e+00  2.8315974915e-57  7.3300744159e-63  
  3.4664523406e+00  2.7971386914e-57  7.2523094676e-63  
  3.4707266345e+00  2.7631463780e-57  7.1754153530e-63  
  3.4750009284e+00  2.7296131413e-57  7.0993810716e-63  
  3.4792752223e+00  2.6965317118e-57  7.0241957870e-63  
  3.4835495161e+00  2.6638949572e-57  6.9498488237e-63  
  3.4878238100e+00  2.6316958797e-57  6.8763296644e-63  
  3.4920981039e+00  2.5999276130e-57  6.8036279471e-63  
  3.4963723978e+00  2.5685834190e-57  6.7317334627e-63  
  3.5006466917e+00  2.5376566855e-57  6.6606361517e-63  
  3.5049209856e+00  2.5071409228e-57  6.5903261023e-63  
  3.5091952795e+00  2.4770297617e-57  6.5207935475e-63  
  3.5134695733e+00  2.4473169504e-57  6.4520288625e-63  
  3.5177438672e+00  2.4179963523e-57  6.3840225625e-63  
  3.5220181611e+00  2.3890619431e-57  6.3167653003e-63  
  3.5262924550e+00  2.3605078086e-57  6.2502478635e-63  
  3.5305667489e+00  2.3323281426e-57  6.1844611727e-63  
  3.5348410428e+00  2.3045172438e-57  6.1193962790e-63  
  3.5391153366e+00  2.2770695146e-57  6.0550443620e-63  
  3.5433896305e+00  2.2499794580e-57  5.9913967273e-63  
  3.5476639244e+00  2.2232416760e-57  5.9284448044e-63  
  3.5519382183e+00  2.1968508671e-57  5.8661801449e-63  
  3.5562125122e+00  2.1708018249e-57  5.8045944203e-63  
  3.5604868061e+00  2.1450894352e-57  5.7436794200e-63  
  3.5647611000e+00  2.1197086748e-57  5.6834270490e-63  
  3.5690353938e+00  2.0946546095e-57  5.6238293267e-63  
  3.5733096877e+00  2.0699223919e-57  5.5648783843e-63  
  3.5775839816e+00  2.0455072597e-57  5.5065664632e-63  
  3.5818582755e+00  2.0214045344e-57  5.4488859134e-63  
  3.5861325694e+00  1.9976096190e-57  5.3918291914e-63  
  3.5904068633e+00  1.9741179965e-57  5.3353888583e-63  
  3.5946811572e+00  1.9509252283e-57  5.2795575789e-63  
  3.5989554510e+00  1.9280269528e-57  5.2243281188e-63  
  3.6032297449e+00  1.9054188834e-57  5.1696933440e-63  
  3.6075040388e+00  1.8830968073e-57  5.1156462182e-63  
  3.6117783327e+00  1.8610565841e-57  5.0621798019e-63  
  3.6160526266e+00  1.8392941439e-57  5.0092872505e-63  
  3.6203269205e+00  1.8178054862e-57  4.9569618131e-63  
  3.6246012143e+00  1.7965866786e-57  4.9051968305e-63  
  3.6288755082e+00  1.7756338552e-57  4.8539857341e-63  
  3.6331498021e+00  1.7549432153e-57  4.8033220445e-63  
  3.6374240960e+00  1.7345110223e-57  4.7531993697e-63  
  3.6416983899e+00  1.7143336022e-57  4.7036114040e-63  
  3.6459726838e+00  1.6944073426e-57  4.6545519267e-63  
  3.6502469777e+00  1.6747286913e-57  4.6060148004e-63  
  3.6545212715e+00  1.6552941552e-57  4.5579939701e-63  
  3.6587955654e+00  1.6361002991e-57  4.5104834615e-63  
  3.6630698593e+00  1.6171437445e-57  4.4634773801e-63  
  3.6673441532e+00  1.5984211689e-57  4.4169699097e-63  
  3.6716184471e+00  1.5799293041e-57  4.3709553113e-63  
  3.6758927410e+00  1.5616649356e-57  4.3254279218e-63  
  3.6801670348e+00  1.5436249016e-57  4.2803821529e-63  
  3.6844413287e+00  1.5258060914e-57  4.2358124899e-63  
  3.6887156226e+00  1.5082054452e-57  4.1917134905e-63  
  3.6929899165e+00  1.4908199528e-57  4.1480797840e-63  
  3.6972642104e+00  1.4736466523e-57  4.1049060696e-63  
  3.7015385043e+00  1.4566826298e-57  4.0621871160e-63  
  3.7058127982e+00  1.4399250181e-57  4.0199177598e-63  
  3.7100870920e+00  1.4233709960e-57  3.9780929047e-63  
  3.7143613859e+00  1.4070177872e-57  3.9367075205e-63  
  3.7186356798e+00  1.3908626599e-57  3.8957566420e-63  
  3.7229099737e+00  1.3749029254e-57  3.8552353682e-63  
  3.7271842676e+00  1.3591359377e-57  3.8151388610e-63  
  3.7314585615e+00  1.3435590927e-57  3.7754623445e-63  
  3.7357328554e+00  1.3281698271e-57  3.7362011040e-63  
  3.7400071492e+00  1.3129656180e-57  3.6973504852e-63  
  3.7442814431e+00  1.2979439820e-57  3.6589058930e-63  
  3.7485557370e+00  1.2831024746e-57  3.6208627908e-63  
  3.7528300309e+00  1.2684386891e-57  3.5832166998e-63  
  3.7571043248e+00  1.2539502566e-57  3.5459631978e-63  
  3.7613786187e+00  1.2396348444e-57  3.5090979186e-63  
  3.7656529125e+00  1.2254901563e-57  3.4726165510e-63  
  3.7699272064e+00  1.2115139313e-57  3.4365148382e-63  
  3.7742015003e+00  1.1977039431e-57  3.4007885768e-63  
  3.7784757942e+00  1.1840579996e-57  3.3654336160e-63  
  3.7827500881e+00  1.1705739423e-57  3.3304458572e-63  
  3.7870243820e+00  1.1572496453e-57  3.2958212528e-63  
  3.7912986759e+00  1.1440830154e-57  3.2615558054e-63  
  3.7955729697e+00  1.1310719909e-57  3.2276455678e-63  
  3.7998472636e+00  1.1182145414e-57  3.1940866412e-63  
  3.8041215575e+00  1.1055086672e-57  3.1608751754e-63  
  3.8083958514e+00  1.0929523984e-57  3.1280073677e-63  
  3.8126701453e+00  1.0805437951e-57  3.0954794623e-63  
  3.8169444392e+00  1.0682809461e-57  3.0632877494e-63  
  3.8212187330e+00  1.0561619688e-57  3.0314285649e-63  
  3.8254930269e+00  1.0441850088e-57  2.9998982896e-63  
  3.8297673208e+00  1.0323482390e-57  2.9686933484e-63  
  3.8340416147e+00  1.0206498597e-57  2.9378102100e-63  
  3.8383159086e+00  1.0090880975e-57  2.9072453860e-63  
  3.8425902025e+00  9.9766120527e-58  2.8769954303e-63  
  3.8468644964e+00  9.8636746160e-58  2.8470569387e-63  
  3.8511387902e+00  9.7520517030e-58  2.8174265481e-63  
  3.8554130841e+00  9.6417265999e-58  2.7881009362e-63  
  3.8596873780e+00  9.5326828371e-58  2.7590768205e-63  
  3.8639616719e+00  9.4249041846e-58  2.7303509581e-63  
  3.8682359658e+00  9.3183746484e-58  2.7019201451e-63  
  3.8725102597e+00  9.2130784660e-58  2.6737812158e-63  
  3.8767845536e+00  9.1090001028e-58  2.6459310426e-63  
  3.8810588474e+00  9.0061242483e-58  2.6183665349e-63  
  3.8853331413e+00  8.9044358121e-58  2.5910846392e-63  
  3.8896074352e+00  8.8039199204e-58  2.5640823383e-63  
  3.8938817291e+00  8.7045619123e-58  2.5373566506e-63  
  3.8981560230e+00  8.6063473361e-58  2.5109046299e-63  
  3.9024303169e+00  8.5092619462e-58  2.4847233648e-63  
  3.9067046107e+00  8.4132916994e-58  2.4588099785e-63  
  3.9109789046e+00  8.3184227516e-58  2.4331616276e-63  
  3.9152531985e+00  8.2246414544e-58  2.4077755025e-63  
  3.9195274924e+00  8.1319343521e-58  2.3826488264e-63  
  3.9238017863e+00  8.0402881786e-58  2.3577788551e-63  
  3.9280760802e+00  7.9496898537e-58  2.3331628764e-63  
  3.9323503741e+00  7.8601264811e-58  2.3087982098e-63  
  3.9366246679e+00  7.7715853442e-58  2.2846822059e-63  
  3.9408989618e+00  7.6840539041e-58  2.2608122463e-63  
  3.9451732557e+00  7.5975197964e-58  2.2371857427e-63  
  3.9494475496e+00  7.5119708282e-58  2.2138001371e-63  
  3.9537218435e+00  7.4273949757e-58  2.1906529007e-63  
  3.9579961374e+00  7.3437803812e-58  2.1677415342e-63  
  3.9622704312e+00  7.2611153505e-58  2.1450635670e-63  
  3.9665447251e+00  7.1793883503e-58  2.1226165568e-63  
  3.9708190190e+00  7.0985880057e-58  2.1003980895e-63  
  3.9750933129e+00  7.0187030976e-58  2.0784057785e-63  
  3.9793676068e+00  6.9397225601e-58  2.0566372645e-63  
  3.9836419007e+00  6.8616354785e-58  2.0350902154e-63  
  3.9879161946e+00  6.7844310862e-58  2.0137623253e-63  
  3.9921904884e+00  6.7080987632e-58  1.9926513148e-63  
  3.9964647823e+00  6.6326280331e-58  1.9717549304e-63  
  4.0007390762e+00  6.5580085612e-58  1.9510709439e-63  
  4.0050133701e+00  6.4842301523e-58  1.9305971526e-63  
  4.0092876640e+00  6.4112827482e-58  1.9103313785e-63  
  4.0135619579e+00  6.3391564261e-58  1.8902714684e-63  
  4.0178362518e+00  6.2678413958e-58  1.8704152931e-63  
  4.0221105456e+00  6.1973279985e-58  1.8507607474e-63  
  4.0263848395e+00  6.1276067039e-58  1.8313057499e-63  
  4.0306591334e+00  6.0586681087e-58  1.8120482423e-63  
  4.0349334273e+00  5.9905029347e-58  1.7929861896e-63  
  4.0392077212e+00  5.9231020267e-58  1.7741175791e-63  
  4.0434820151e+00  5.8564563505e-58  1.7554404211e-63  
  4.0477563089e+00  5.7905569914e-58  1.7369527475e-63  
  4.0520306028e+00  5.7253951520e-58  1.7186526126e-63  
  4.0563048967e+00  5.6609621509e-58  1.7005380918e-63  
  4.0605791906e+00  5.5972494203e-58  1.6826072823e-63  
  4.0648534845e+00  5.5342485047e-58  1.6648583019e-63  
  4.0691277784e+00  5.4719510594e-58  1.6472892895e-63  
  4.0734020723e+00  5.4103488482e-58  1.6298984045e-63  
  4.0776763661e+00  5.3494337422e-58  1.6126838263e-63  
  4.0819506600e+00  5.2891977184e-58  1.5956437547e-63  
  4.0862249539e+00  5.2296328575e-58  1.5787764091e-63  
  4.0904992478e+00  5.1707313427e-58  1.5620800282e-63  
  4.0947735417e+00  5.1124854585e-58  1.5455528703e-63  
  4.0990478356e+00  5.0548875884e-58  1.5291932126e-63  
  4.1033221294e+00  4.9979302143e-58  1.5129993511e-63  
  4.1075964233e+00  4.9416059142e-58  1.4969696003e-63  
  4.1118707172e+00  4.8859073616e-58  1.4811022931e-63  
  4.1161450111e+00  4.8308273235e-58  1.4653957806e-63  
  4.1204193050e+00  4.7763586592e-58  1.4498484316e-63  
  4.1246935989e+00  4.7224943192e-58  1.4344586327e-63  
  4.1289678928e+00  4.6692273434e-58  1.4192247879e-63  
  4.1332421866e+00  4.6165508602e-58  1.4041453185e-63  
  4.1375164805e+00  4.5644580850e-58  1.3892186626e-63  
  4.1417907744e+00  4.5129423190e-58  1.3744432754e-63  
  4.1460650683e+00  4.4619969480e-58  1.3598176286e-63  
  4.1503393622e+00  4.4116154409e-58  1.3453402103e-63  
  4.1546136561e+00  4.3617913490e-58  1.3310095248e-63  
  4.1588879500e+00  4.3125183044e-58  1.3168240924e-63  
  4.1631622438e+00  4.2637900191e-58  1.3027824493e-63  
  4.1674365377e+00  4.2156002836e-58  1.2888831472e-63  
  4.1717108316e+00  4.1679429659e-58  1.2751247535e-63  
  4.1759851255e+00  4.1208120106e-58  1.2615058505e-63  
  4.1802594194e+00  4.0742014374e-58  1.2480250359e-63  
  4.1845337133e+00  4.0281053403e-58  1.2346809221e-63  
  4.1888080071e+00  3.9825178866e-58  1.2214721362e-63  
  4.1930823010e+00  3.9374333157e-58  1.2083973200e-63  
  4.1973565949e+00  3.8928459382e-58  1.1954551296e-63  
  4.2016308888e+00  3.8487501346e-58  1.1826442352e-63  
  4.2059051827e+00  3.8051403549e-58  1.1699633211e-63  
  4.2101794766e+00  3.7620111170e-58  1.1574110855e-63  
  4.2144537705e+00  3.7193570063e-58  1.1449862404e-63  
  4.2187280643e+00  3.6771726742e-58  1.1326875110e-63  
  4.2230023582e+00  3.6354528378e-58  1.1205136361e-63  
  4.2272766521e+00  3.5941922783e-58  1.1084633679e-63  
  4.2315509460e+00  3.5533858408e-58  1.0965354712e-63  
  4.2358252399e+00  3.5130284329e-58  1.0847287243e-63  
  4.2400995338e+00  3.4731150240e-58  1.0730419177e-63  
  4.2443738276e+00  3.4336406446e-58  1.0614738548e-63  
  4.2486481215e+00  3.3946003853e-58  1.0500233516e-63  
  4.2529224154e+00  3.3559893958e-58  1.0386892360e-63  
  4.2571967093e+00  3.3178028847e-58  1.0274703486e-63  
  4.2614710032e+00  3.2800361180e-58  1.0163655416e-63  
  4.2657452971e+00  3.2426844186e-58  1.0053736793e-63  
  4.2700195910e+00  3.2057431656e-58  9.9449363783e-64  
  4.2742938848e+00  3.1692077936e-58  9.8372430475e-64  
  4.2785681787e+00  3.1330737915e-58  9.7306457925e-64  
  4.2828424726e+00  3.0973367025e-58  9.6251337185e-64  
  4.2871167665e+00  3.0619921226e-58  9.5206960431e-64  
  4.2913910604e+00  3.0270357004e-58  9.4173220949e-64  
  4.2956653543e+00  2.9924631362e-58  9.3150013120e-64  
  4.2999396482e+00  2.9582701813e-58  9.2137232414e-64  
  4.3042139420e+00  2.9244526375e-58  9.1134775372e-64  
  4.3084882359e+00  2.8910063561e-58  9.0142539595e-64  
  4.3127625298e+00  2.8579272376e-58  8.9160423735e-64  
  4.3170368237e+00  2.8252112307e-58  8.8188327479e-64  
  4.3213111176e+00  2.7928543318e-58  8.7226151538e-64  
  4.3255854115e+00  2.7608525847e-58  8.6273797639e-64  
  4.3298597053e+00  2.7292020793e-58  8.5331168510e-64  
  4.3341339992e+00  2.6978989516e-58  8.4398167870e-64  
  4.3384082931e+00  2.6669393827e-58  8.3474700418e-64  
  4.3426825870e+00  2.6363195984e-58  8.2560671820e-64  
  4.3469568809e+00  2.6060358687e-58  8.1655988702e-64  
  4.3512311748e+00  2.5760845069e-58  8.0760558637e-64  
  4.3555054687e+00  2.5464618694e-58  7.9874290135e-64  
  4.3597797625e+00  2.5171643548e-58  7.8997092631e-64  
  4.3640540564e+00  2.4881884035e-58  7.8128876476e-64  
  4.3683283503e+00  2.4595304975e-58  7.7269552928e-64  
  4.3726026442e+00  2.4311871591e-58  7.6419034141e-64  
  4.3768769381e+00  2.4031549510e-58  7.5577233153e-64  
  4.3811512320e+00  2.3754304757e-58  7.4744063881e-64  
  4.3854255258e+00  2.3480103747e-58  7.3919441106e-64  
  4.3896998197e+00  2.3208913282e-58  7.3103280468e-64  
  4.3939741136e+00  2.2940700546e-58  7.2295498453e-64  
  4.3982484075e+00  2.2675433101e-58  7.1496012385e-64  
  4.4025227014e+00  2.2413078878e-58  7.0704740419e-64  
  4.4067969953e+00  2.2153606178e-58  6.9921601530e-64  
  4.4110712892e+00  2.1896983665e-58  6.9146515501e-64  
  4.4153455830e+00  2.1643180357e-58  6.8379402922e-64  
  4.4196198769e+00  2.1392165630e-58  6.7620185172e-64  
  4.4238941708e+00  2.1143909207e-58  6.6868784418e-64  
  4.4281684647e+00  2.0898381155e-58  6.6125123603e-64  
  4.4324427586e+00  2.0655551881e-58  6.5389126437e-64  
  4.4367170525e+00  2.0415392130e-58  6.4660717390e-64  
  4.4409913464e+00  2.0177872976e-58  6.3939821685e-64  
  4.4452656402e+00  1.9942965823e-58  6.3226365286e-64  
  4.4495399341e+00  1.9710642395e-58  6.2520274895e-64  
  4.4538142280e+00  1.9480874739e-58  6.1821477939e-64  
  4.4580885219e+00  1.9253635215e-58  6.1129902568e-64  
  4.4623628158e+00  1.9028896495e-58  6.0445477641e-64  
  4.4666371097e+00  1.8806631559e-58  5.9768132723e-64  
  4.4709114035e+00  1.8586813690e-58  5.9097798076e-64  
  4.4751856974e+00  1.8369416471e-58  5.8434404651e-64  
  4.4794599913e+00  1.8154413782e-58  5.7777884080e-64  
  4.4837342852e+00  1.7941779793e-58  5.7128168674e-64  
  4.4880085791e+00  1.7731488968e-58  5.6485191406e-64  
  4.4922828730e+00  1.7523516050e-58  5.5848885915e-64  
  4.4965571669e+00  1.7317836069e-58  5.5219186490e-64  
  4.5008314607e+00  1.7114424331e-58  5.4596028069e-64  
  4.5051057546e+00  1.6913256417e-58  5.3979346229e-64  
  4.5093800485e+00  1.6714308181e-58  5.3369077180e-64  
  4.5136543424e+00  1.6517555743e-58  5.2765157759e-64  
  4.5179286363e+00  1.6322975491e-58  5.2167525423e-64  
  4.5222029302e+00  1.6130544072e-58  5.1576118243e-64  
  4.5264772240e+00  1.5940238394e-58  5.0990874896e-64  
  4.5307515179e+00  1.5752035618e-58  5.0411734660e-64  
  4.5350258118e+00  1.5565913159e-58  4.9838637409e-64  
  4.5393001057e+00  1.5381848681e-58  4.9271523602e-64  
  4.5435743996e+00  1.5199820095e-58  4.8710334283e-64  
  4.5478486935e+00  1.5019805555e-58  4.8155011072e-64  
  4.5521229874e+00  1.4841783453e-58  4.7605496156e-64  
  4.5563972812e+00  1.4665732423e-58  4.7061732289e-64  
  4.5606715751e+00  1.4491631331e-58  4.6523662784e-64  
  4.5649458690e+00  1.4319459274e-58  4.5991231504e-64  
  4.5692201629e+00  1.4149195580e-58  4.5464382860e-64  
  4.5734944568e+00  1.3980819804e-58  4.4943061805e-64  
  4.5777687507e+00  1.3814311721e-58  4.4427213826e-64  
  4.5820430446e+00  1.3649651332e-58  4.3916784941e-64  
  4.5863173384e+00  1.3486818852e-58  4.3411721693e-64  
  4.5905916323e+00  1.3325794714e-58  4.2911971144e-64  
  4.5948659262e+00  1.3166559565e-58  4.2417480869e-64  
  4.5991402201e+00  1.3009094260e-58  4.1928198953e-64  
  4.6034145140e+00  1.2853379866e-58  4.1444073984e-64  
  4.6076888079e+00  1.2699397651e-58  4.0965055049e-64  
  4.6119631017e+00  1.2547129091e-58  4.0491091727e-64  
  4.6162373956e+00  1.2396555861e-58  4.0022134086e-64  
  4.6205116895e+00  1.2247659833e-58  3.9558132676e-64  
  4.6247859834e+00  1.2100423079e-58  3.9099038529e-64  
  4.6290602773e+00  1.1954827862e-58  3.8644803147e-64  
  4.6333345712e+00  1.1810856637e-58  3.8195378501e-64  
  4.6376088651e+00  1.1668492051e-58  3.7750717028e-64  
  4.6418831589e+00  1.1527716935e-58  3.7310771622e-64  
  4.6461574528e+00  1.1388514307e-58  3.6875495633e-64  
  4.6504317467e+00  1.1250867367e-58  3.6444842862e-64  
  4.6547060406e+00  1.1114759498e-58  3.6018767553e-64  
  4.6589803345e+00  1.0980174259e-58  3.5597224393e-64  
  4.6632546284e+00  1.0847095388e-58  3.5180168505e-64  
  4.6675289222e+00  1.0715506796e-58  3.4767555444e-64  
  4.6718032161e+00  1.0585392566e-58  3.4359341194e-64  
  4.6760775100e+00  1.0456736955e-58  3.3955482160e-64  
  4.6803518039e+00  1.0329524386e-58  3.3555935171e-64  
  4.6846260978e+00  1.0203739449e-58  3.3160657466e-64  
  4.6889003917e+00  1.0079366899e-58  3.2769606699e-64  
  4.6931746856e+00  9.9563916551e-59  3.2382740929e-64  
  4.6974489794e+00  9.8347987962e-59  3.2000018617e-64  
  4.7017232733e+00  9.7145735611e-59  3.1621398627e-64  
  4.7059975672e+00  9.5957013459e-59  3.1246840213e-64  
  4.7102718611e+00  9.4781677023e-59  3.0876303023e-64  
  4.7145461550e+00  9.3619583362e-59  3.0509747092e-64  
  4.7188204489e+00  9.2470591054e-59  3.0147132837e-64  
  4.7230947427e+00  9.1334560183e-59  2.9788421055e-64  
  4.7273690366e+00  9.0211352319e-59  2.9433572920e-64  
  4.7316433305e+00  8.9100830505e-59  2.9082549977e-64  
  4.7359176244e+00  8.8002859235e-59  2.8735314138e-64  
  4.7401919183e+00  8.6917304444e-59  2.8391827683e-64  
  4.7444662122e+00  8.5844033487e-59  2.8052053251e-64  
  4.7487405061e+00  8.4782915123e-59  2.7715953839e-64  
  4.7530147999e+00  8.3733819505e-59  2.7383492799e-64  
  4.7572890938e+00  8.2696618156e-59  2.7054633832e-64  
  4.7615633877e+00  8.1671183960e-59  2.6729340987e-64  
  4.7658376816e+00  8.0657391145e-59  2.6407578657e-64  
  4.7701119755e+00  7.9655115268e-59  2.6089311577e-64  
  4.7743862694e+00  7.8664233198e-59  2.5774504816e-64  
  4.7786605633e+00  7.7684623105e-59  2.5463123779e-64  
  4.7829348571e+00  7.6716164444e-59  2.5155134200e-64  
  4.7872091510e+00  7.5758737941e-59  2.4850502144e-64  
  4.7914834449e+00  7.4812225576e-59  2.4549193995e-64  
  4.7957577388e+00  7.3876510575e-59  2.4251176461e-64  
  4.8000320327e+00  7.2951477392e-59  2.3956416569e-64  
  4.8043063266e+00  7.2037011694e-59  2.3664881659e-64  
  4.8085806204e+00  7.1133000354e-59  2.3376539383e-64  
  4.8128549143e+00  7.0239331431e-59  2.3091357701e-64  
  4.8171292082e+00  6.9355894161e-59  2.2809304881e-64  
  4.8214035021e+00  6.8482578941e-59  2.2530349492e-64  
  4.8256777960e+00  6.7619277321e-59  2.2254460405e-64  
  4.8299520899e+00  6.6765881985e-59  2.1981606784e-64  
  4.8342263838e+00  6.5922286745e-59  2.1711758091e-64  
  4.8385006776e+00  6.5088386523e-59  2.1444884078e-64  
  4.8427749715e+00  6.4264077345e-59  2.1180954786e-64  
  4.8470492654e+00  6.3449256322e-59  2.0919940541e-64  
  4.8513235593e+00  6.2643821644e-59  2.0661811951e-64  
  4.8555978532e+00  6.1847672564e-59  2.0406539907e-64  
  4.8598721471e+00  6.1060709391e-59  2.0154095576e-64  
  4.8641464409e+00  6.0282833474e-59  1.9904450399e-64  
  4.8684207348e+00  5.9513947193e-59  1.9657576092e-64  
  4.8726950287e+00  5.8753953949e-59  1.9413444637e-64  
  4.8769693226e+00  5.8002758148e-59  1.9172028287e-64  
  4.8812436165e+00  5.7260265198e-59  1.8933299557e-64  
  4.8855179104e+00  5.6526381491e-59  1.8697231225e-64  
  4.8897922043e+00  5.5801014396e-59  1.8463796328e-64  
  4.8940664981e+00  5.5084072247e-59  1.8232968160e-64  
  4.8983407920e+00  5.4375464335e-59  1.8004720272e-64  
  4.9026150859e+00  5.3675100894e-59  1.7779026463e-64  
  4.9068893798e+00  5.2982893095e-59  1.7555860785e-64  
  4.9111636737e+00  5.2298753031e-59  1.7335197537e-64  
  4.9154379676e+00  5.1622593713e-59  1.7117011262e-64  
  4.9197122615e+00  5.0954329056e-59  1.6901276746e-64  
  4.9239865553e+00  5.0293873869e-59  1.6687969016e-64  
  4.9282608492e+00  4.9641143850e-59  1.6477063338e-64  
  4.9325351431e+00  4.8996055571e-59  1.6268535212e-64  
  4.9368094370e+00  4.8358526471e-59  1.6062360372e-64  
  4.9410837309e+00  4.7728474850e-59  1.5858514786e-64  
  4.9453580248e+00  4.7105819853e-59  1.5656974647e-64  
  4.9496323186e+00  4.6490481468e-59  1.5457716380e-64  
  4.9539066125e+00  4.5882380511e-59  1.5260716630e-64  
  4.9581809064e+00  4.5281438622e-59  1.5065952270e-64  
  4.9624552003e+00  4.4687578254e-59  1.4873400390e-64  
  4.9667294942e+00  4.4100722665e-59  1.4683038299e-64  
  4.9710037881e+00  4.3520795908e-59  1.4494843525e-64  
  4.9752780820e+00  4.2947722825e-59  1.4308793808e-64  
  4.9795523758e+00  4.2381429037e-59  1.4124867103e-64  
  4.9838266697e+00  4.1821840937e-59  1.3943041573e-64  
  4.9881009636e+00  4.1268885681e-59  1.3763295593e-64  
  4.9923752575e+00  4.0722491179e-59  1.3585607740e-64  
  4.9966495514e+00  4.0182586091e-59  1.3409956800e-64  
  5.0009238453e+00  3.9649099812e-59  1.3236321759e-64  
  5.0051981391e+00  3.9121962473e-59  1.3064681807e-64  
  5.0094724330e+00  3.8601104927e-59  1.2895016329e-64  
  5.0137467269e+00  3.8086458743e-59  1.2727304910e-64  
  5.0180210208e+00  3.7577956200e-59  1.2561527330e-64  
  5.0222953147e+00  3.7075530277e-59  1.2397663562e-64  
  5.0265696086e+00  3.6579114649e-59  1.2235693770e-64  
  5.0308439025e+00  3.6088643677e-59  1.2075598309e-64  
  5.0351181963e+00  3.5604052400e-59  1.1917357722e-64  
  5.0393924902e+00  3.5125276533e-59  1.1760952738e-64  
  5.0436667841e+00  3.4652252455e-59  1.1606364271e-64  
  5.0479410780e+00  3.4184917203e-59  1.1453573418e-64  
  5.0522153719e+00  3.3723208467e-59  1.1302561457e-64  
  5.0564896658e+00  3.3267064581e-59  1.1153309844e-64  
  5.0607639597e+00  3.2816424519e-59  1.1005800216e-64  
  5.0650382535e+00  3.2371227886e-59  1.0860014384e-64  
  5.0693125474e+00  3.1931414911e-59  1.0715934334e-64  
  5.0735868413e+00  3.1496926445e-59  1.0573542226e-64  
  5.0778611352e+00  3.1067703947e-59  1.0432820389e-64  
  5.0821354291e+00  3.0643689486e-59  1.0293751324e-64  
  5.0864097230e+00  3.0224825729e-59  1.0156317699e-64  
  5.0906840168e+00  2.9811055936e-59  1.0020502350e-64  
  5.0949583107e+00  2.9402323956e-59  9.8862882760e-65  
  5.0992326046e+00  2.8998574218e-59  9.7536586410e-65  
  5.1035068985e+00  2.8599751728e-59  9.6225967707e-65  
  5.1077811924e+00  2.8205802060e-59  9.4930861512e-65  
  5.1120554863e+00  2.7816671353e-59  9.3651104278e-65  
  5.1163297802e+00  2.7432306303e-59  9.2386534035e-65  
  5.1206040740e+00  2.7052654157e-59  9.1136990370e-65  
  5.1248783679e+00  2.6677662711e-59  8.9902314420e-65  
  5.1291526618e+00  2.6307280300e-59  8.8682348855e-65  
  5.1334269557e+00  2.5941455796e-59  8.7476937861e-65  
  5.1377012496e+00  2.5580138598e-59  8.6285927130e-65  
  5.1419755435e+00  2.5223278633e-59  8.5109163843e-65  
  5.1462498373e+00  2.4870826344e-59  8.3946496660e-65  
  5.1505241312e+00  2.4522732690e-59  8.2797775702e-65  
  5.1547984251e+00  2.4178949137e-59  8.1662852540e-65  
  5.1590727190e+00  2.3839427654e-59  8.0541580181e-65  
  5.1633470129e+00  2.3504120709e-59  7.9433813055e-65  
  5.1676213068e+00  2.3172981264e-59  7.8339407004e-65  
  5.1718956007e+00  2.2845962768e-59  7.7258219263e-65  
  5.1761698945e+00  2.2523019153e-59  7.6190108453e-65  
  5.1804441884e+00  2.2204104828e-59  7.5134934568e-65  
  5.1847184823e+00  2.1889174678e-59  7.4092558957e-65  
  5.1889927762e+00  2.1578184055e-59  7.3062844317e-65  
  5.1932670701e+00  2.1271088775e-59  7.2045654680e-65  
  5.1975413640e+00  2.0967845112e-59  7.1040855396e-65  
  5.2018156579e+00  2.0668409795e-59  7.0048313128e-65  
  5.2060899517e+00  2.0372740004e-59  6.9067895834e-65  
  5.2103642456e+00  2.0080793363e-59  6.8099472757e-65  
  5.2146385395e+00  1.9792527936e-59  6.7142914415e-65  
  5.2189128334e+00  1.9507902225e-59  6.6198092588e-65  
  5.2231871273e+00  1.9226875162e-59  6.5264880304e-65  
  5.2274614212e+00  1.8949406107e-59  6.4343151831e-65  
  5.2317357150e+00  1.8675454844e-59  6.3432782665e-65  
  5.2360100089e+00  1.8404981575e-59  6.2533649517e-65  
  5.2402843028e+00  1.8137946916e-59  6.1645630304e-65  
  5.2445585967e+00  1.7874311894e-59  6.0768604135e-65  
  5.2488328906e+00  1.7614037944e-59  5.9902451304e-65  
  5.2531071845e+00  1.7357086900e-59  5.9047053274e-65  
  5.2573814784e+00  1.7103420995e-59  5.8202292673e-65  
  5.2616557722e+00  1.6853002858e-59  5.7368053276e-65  
  5.2659300661e+00  1.6605795506e-59  5.6544220001e-65  
  5.2702043600e+00  1.6361762342e-59  5.5730678894e-65  
  5.2744786539e+00  1.6120867154e-59  5.4927317119e-65  
  5.2787529478e+00  1.5883074105e-59  5.4134022951e-65  
  5.2830272417e+00  1.5648347735e-59  5.3350685763e-65  
  5.2873015355e+00  1.5416652954e-59  5.2577196016e-65  
  5.2915758294e+00  1.5187955038e-59  5.1813445250e-65  
  5.2958501233e+00  1.4962219629e-59  5.1059326075e-65  
  5.3001244172e+00  1.4739412726e-59  5.0314732157e-65  
  5.3043987111e+00  1.4519500686e-59  4.9579558214e-65  
  5.3086730050e+00  1.4302450218e-59  4.8853700002e-65  
  5.3129472989e+00  1.4088228380e-59  4.8137054308e-65  
  5.3172215927e+00  1.3876802575e-59  4.7429518939e-65  
  5.3214958866e+00  1.3668140550e-59  4.6730992713e-65  
  5.3257701805e+00  1.3462210388e-59  4.6041375450e-65  
  5.3300444744e+00  1.3258980509e-59  4.5360567963e-65  
  5.3343187683e+00  1.3058419664e-59  4.4688472048e-65  
  5.3385930622e+00  1.2860496933e-59  4.4024990478e-65  
  5.3428673561e+00  1.2665181721e-59  4.3370026988e-65  
  5.3471416499e+00  1.2472443755e-59  4.2723486271e-65  
  5.3514159438e+00  1.2282253081e-59  4.2085273970e-65  
  5.3556902377e+00  1.2094580061e-59  4.1455296666e-65  
  5.3599645316e+00  1.1909395367e-59  4.0833461868e-65  
  5.3642388255e+00  1.1726669984e-59  4.0219678012e-65  
  5.3685131194e+00  1.1546375200e-59  3.9613854443e-65  
  5.3727874132e+00  1.1368482608e-59  3.9015901415e-65  
  5.3770617071e+00  1.1192964100e-59  3.8425730077e-65  
  5.3813360010e+00  1.1019791866e-59  3.7843252465e-65  
  5.3856102949e+00  1.0848938389e-59  3.7268381500e-65  
  5.3898845888e+00  1.0680376444e-59  3.6701030971e-65  
  5.3941588827e+00  1.0514079094e-59  3.6141115534e-65  
  5.3984331766e+00  1.0350019687e-59  3.5588550700e-65  
  5.4027074704e+00  1.0188171855e-59  3.5043252830e-65  
  5.4069817643e+00  1.0028509508e-59  3.4505139124e-65  
  5.4112560582e+00  9.8710068335e-60  3.3974127616e-65  
  5.4155303521e+00  9.7156382927e-60  3.3450137166e-65  
  5.4198046460e+00  9.5623786190e-60  3.2933087450e-65  
  5.4240789399e+00  9.4112028139e-60  3.2422898956e-65  
  5.4283532337e+00  9.2620861451e-60  3.1919492973e-65  
  5.4326275276e+00  9.1150041436e-60  3.1422791588e-65  
  5.4369018215e+00  8.9699326011e-60  3.0932717672e-65  
  5.4411761154e+00  8.8268475674e-60  3.0449194882e-65  
  5.4454504093e+00  8.6857253477e-60  2.9972147643e-65  
  5.4497247032e+00  8.5465425004e-60  2.9501501150e-65  
  5.4539989971e+00  8.4092758341e-60  2.9037181357e-65  
  5.4582732909e+00  8.2739024055e-60  2.8579114970e-65  
  5.4625475848e+00  8.1403995167e-60  2.8127229439e-65  
  5.4668218787e+00  8.0087447128e-60  2.7681452954e-65  
  5.4710961726e+00  7.8789157795e-60  2.7241714438e-65  
  5.4753704665e+00  7.7508907406e-60  2.6807943536e-65  
  5.4796447604e+00  7.6246478559e-60  2.6380070612e-65  
  5.4839190543e+00  7.5001656184e-60  2.5958026745e-65  
  5.4881933481e+00  7.3774227524e-60  2.5541743713e-65  
  5.4924676420e+00  7.2563982108e-60  2.5131153998e-65  
  5.4967419359e+00  7.1370711732e-60  2.4726190772e-65  
  5.5010162298e+00  7.0194210435e-60  2.4326787891e-65  
  5.5052905237e+00  6.9034274474e-60  2.3932879892e-65  
  5.5095648176e+00  6.7890702305e-60  2.3544401986e-65  
  5.5138391114e+00  6.6763294560e-60  2.3161290049e-65  
  5.5181134053e+00  6.5651854025e-60  2.2783480618e-65  
  5.5223876992e+00  6.4556185620e-60  2.2410910884e-65  
  5.5266619931e+00  6.3476096374e-60  2.2043518687e-65  
  5.5309362870e+00  6.2411395408e-60  2.1681242510e-65  
  5.5352105809e+00  6.1361893911e-60  2.1324021472e-65  
  5.5394848748e+00  6.0327405123e-60  2.0971795320e-65  
  5.5437591686e+00  5.9307744310e-60  2.0624504430e-65  
  5.5480334625e+00  5.8302728747e-60  2.0282089794e-65  
  5.5523077564e+00  5.7312177695e-60  1.9944493016e-65  
  5.5565820503e+00  5.6335912386e-60  1.9611656311e-65  
  5.5608563442e+00  5.5373755997e-60  1.9283522493e-65  
  5.5651306381e+00  5.4425533636e-60  1.8960034972e-65  
  5.5694049319e+00  5.3491072320e-60  1.8641137750e-65  
  5.5736792258e+00  5.2570200954e-60  1.8326775413e-65  
  5.5779535197e+00  5.1662750318e-60  1.8016893126e-65  
  5.5822278136e+00  5.0768553043e-60  1.7711436630e-65  
  5.5865021075e+00  4.9887443592e-60  1.7410352234e-65  
  5.5907764014e+00  4.9019258246e-60  1.7113586808e-65  
  5.5950506953e+00  4.8163835083e-60  1.6821087785e-65  
  5.5993249891e+00  4.7321013960e-60  1.6532803146e-65  
  5.6035992830e+00  4.6490636496e-60  1.6248681424e-65  
  5.6078735769e+00  4.5672546054e-60  1.5968671691e-65  
  5.6121478708e+00  4.4866587723e-60  1.5692723560e-65  
  5.6164221647e+00  4.4072608300e-60  1.5420787174e-65  
  5.6206964586e+00  4.3290456275e-60  1.5152813205e-65  
  5.6249707525e+00  4.2519981814e-60  1.4888752846e-65  
  5.6292450463e+00  4.1761036739e-60  1.4628557810e-65  
  5.6335193402e+00  4.1013474513e-60  1.4372180320e-65  
  5.6377936341e+00  4.0277150228e-60  1.4119573110e-65  
  5.6420679280e+00  3.9551920579e-60  1.3870689414e-65  
  5.6463422219e+00  3.8837643857e-60  1.3625482968e-65  
  5.6506165158e+00  3.8134179927e-60  1.3383907998e-65  
  5.6548908096e+00  3.7441390218e-60  1.3145919223e-65  
  5.6591651035e+00  3.6759137699e-60  1.2911471843e-65  
  5.6634393974e+00  3.6087286871e-60  1.2680521540e-65  
  5.6677136913e+00  3.5425703750e-60  1.2453024471e-65  
  5.6719879852e+00  3.4774255846e-60  1.2228937264e-65  
  5.6762622791e+00  3.4132812157e-60  1.2008217012e-65  
  5.6805365730e+00  3.3501243146e-60  1.1790821272e-65  
  5.6848108668e+00  3.2879420732e-60  1.1576708057e-65  
  5.6890851607e+00  3.2267218271e-60  1.1365835835e-65  
  5.6933594546e+00  3.1664510544e-60  1.1158163522e-65  
  5.6976337485e+00  3.1071173743e-60  1.0953650479e-65  
  5.7019080424e+00  3.0487085454e-60  1.0752256507e-65  
  5.7061823363e+00  2.9912124644e-60  1.0553941844e-65  
  5.7104566301e+00  2.9346171650e-60  1.0358667159e-65  
  5.7147309240e+00  2.8789108161e-60  1.0166393551e-65  
  5.7190052179e+00  2.8240817206e-60  9.9770825407e-66  
  5.7232795118e+00  2.7701183140e-60  9.7906960708e-66  
  5.7275538057e+00  2.7170091633e-60  9.6071964989e-66  
  5.7318280996e+00  2.6647429652e-60  9.4265465945e-66  
